8194
7
8199
9
10
8203
12
15
8209
8210
21
8214
8215
8218
27
8219
8220
31
34
8228
8229
39
8233
42
43
8234
8236
47
48
8241
8245
55
56
57
58
8249
8255
66
8259
70
71
8266
76
82
8276
8280
93
97
98
99
8295
115
117
8310
119
124
8317
8322
131
8323
8325
8327
136
142
8334
8340
8347
8348
157
170
171
8362
8366
176
179
180
182
8374
8376
8377
186
8382
193
194
196
201
8395
8396
206
213
216
8410
8413
223
8415
8417
8418
230
8422
8424
237
8434
8436
8437
8441
255
8450
8452
262
263
8454
265
8458
269
8462
8470
8471
280
282
8477
287
8482
8484
8488
8495
8497
309
8503
316
317
322
332
334
8528
8529
338
343
8536
8539
348
351
355
8547
8548
360
8557
8559
371
8566
8569
8572
394
8589
398
400
8595
8597
409
8608
8611
8613
423
424
8616
426
8617
8620
429
8621
8624
8625
434
8626
437
438
8629
8630
441
443
444
8637
446
8639
450
455
8651
461
8654
8661
470
471
476
8669
8673
8676
8677
8678
487
488
8679
492
8684
494
8687
8689
500
501
502
8692
508
509
8701
8703
8710
519
8711
522
523
8718
8719
529
8724
8726
8729
8731
556
8749
8750
8751
562
8754
8756
565
8759
568
569
573
574
576
579
8777
588
592
8784
8785
595
8789
605
8798
609
8803
8804
613
614
618
8810
622
627
628
630
8824
633
8825
637
8830
8835
646
647
8839
8841
652
653
8844
8846
8848
8849
8851
660
665
666
8857
8859
669
670
671
672
673
8861
8862
8866
680
682
683
686
688
8880
691
8885
8886
698
706
707
8899
709
8902
8907
726
8919
8920
729
730
8924
735
8929
739
8932
8935
745
8937
750
751
753
754
755
756
8947
8950
759
760
8953
8958
770
8962
8963
777
8977
786
787
8980
789
790
8981
792
793
8983
796
804
8996
8998
807
810
9004
9005
814
9006
9008
819
9011
823
826
9019
833
9028
838
839
9032
845
9038
9039
9043
9045
858
859
860
9062
9070
879
9073
882
883
9077
9079
888
9080
9083
9084
9086
9087
9089
899
903
9100
9109
9110
9111
922
9114
9115
9116
926
9120
929
930
931
9125
935
9132
941
9135
9136
945
946
953
9150
9157
969
9163
975
9167
978
981
982
9174
9177
989
991
994
9187
996
9188
9193
1005
9201
9202
9203
9204
9205
9208
9212
9214
1029
9227
1040
1043
1045
9237
1047
9241
1050
1058
1060
9256
1065
1070
9262
1072
1078
1082
1087
1095
9288
9289
9290
9301
1111
1115
9307
9308
9310
9312
1122
9314
9316
1133
1135
1141
9334
9336
9339
1148
9343
1152
1153
1154
9346
9348
1159
9352
9353
1162
9360
9362
9364
9365
1184
1186
1195
1205
1207
9399
9406
9411
1221
1224
9419
1230
1238
9436
9438
9439
1250
1251
1252
9444
9452
9453
1264
1266
9458
1273
9465
1277
9472
1281
9475
1285
1286
9479
1288
1295
9489
1299
1309
9501
1311
1312
9503
1318
1326
9519
9521
1331
9525
1335
9527
9530
9531
9535
9542
9543
1352
1354
1359
9553
9563
9565
9568
1380
1381
1384
9576
9577
9579
1388
9582
1392
9586
9588
9589
9591
9592
9593
9595
9596
1405
1406
1407
1416
1417
1418
9608
9610
9611
9613
9616
9618
1428
9620
9625
1438
9630
1440
9632
1443
9636
1447
1454
1463
1467
1468
9659
1471
9675
1486
1489
9681
9685
9686
1495
9688
9691
1503
9696
9697
9698
1507
1510
9709
1521
9713
9717
1527
9719
1529
1530
9724
9725
1535
1536
1538
9730
1542
9741
1552
1556
9752
9756
1565
9757
1572
1575
9768
1579
1589
9782
1593
1599
1605
9800
9801
9803
1615
9808
9811
1623
9816
9817
1626
9836
1646
9838
1648
1649
9840
9843
9845
1658
1659
1661
9858
9860
1673
9868
1679
9875
9876
9881
1692
9885
1698
1699
9890
9892
1702
9896
9901
9904
9918
9921
1731
1735
9932
1750
9947
1759
1762
9956
9958
1767
9962
9963
9969
9971
1782
9975
9977
1786
9980
1791
1799
1800
9992
9994
10001
10003
1815
1817
10009
10012
1823
1824
10019
1828
1832
1834
10031
1841
1842
1843
10034
10037
1850
1853
1862
1868
10061
1871
1873
10070
1879
1881
1882
1884
10076
10078
1887
10082
1891
1895
1896
10088
10090
1903
1904
10095
1907
1908
10106
1916
10108
10110
10114
1927
1928
1929
10123
1938
1944
1948
1949
1952
10144
1954
10146
10148
1960
10152
10153
10155
10158
1968
1969
1970
1973
1975
10168
1979
10172
10173
1982
1984
10177
1987
10179
10181
10184
10186
10188
10191
10192
10195
10196
2007
10208
2020
2024
2025
10220
10221
10223
2040
2041
10233
10236
10244
2053
2054
10247
2056
2059
2061
2062
2063
2064
10254
2067
2068
10260
10264
10269
2078
2080
2083
10275
2090
2093
10287
2099
10291
2102
10296
2107
10303
2112
2116
2118
2125
10317
2129
2132
2136
10328
2144
10338
2149
2150
10341
2154
2157
10350
10351
2160
2163
2167
10361
2170
10362
10367
2182
2187
2188
10379
2192
10384
10387
2198
10390
2204
10398
10400
2209
10402
2211
10404
2213
10405
10406
10411
10413
2222
10414
2225
10417
2230
10423
2234
2236
2238
2240
10432
2247
2248
2251
10443
10445
2258
10450
2260
2261
10452
10454
2264
2266
2268
10460
2270
10462
10464
10465
2274
10469
10472
10474
2283
10475
2287
2288
10480
2290
2291
10482
2294
10488
10492
2301
2303
10497
2306
10499
10500
10505
2318
2320
10512
10514
10522
2332
2335
2337
10531
10532
2347
2349
2350
10544
2355
2356
2357
2358
2363
10558
2369
10561
10562
10567
2376
2377
2380
10572
2383
10579
10582
2394
10589
10591
2402
2403
2405
2406
10599
10604
10605
10610
10613
10618
2427
10620
2430
10622
10623
10626
10630
2440
2441
10635
10637
2449
2451
10643
2453
2456
2457
2459
2460
10657
10658
10661
10662
10663
2473
10667
2479
2480
2484
2485
10676
2490
10684
2493
2497
10689
2500
10697
2506
2508
10702
10711
10712
10718
2528
2536
10729
2543
2545
2547
2548
10743
10745
2555
2556
10754
10761
10762
2575
10768
2580
2582
2589
10782
10789
2602
10794
2605
2608
2610
10802
10803
10804
2616
10810
2619
2620
10811
2622
10815
2624
10816
10822
2631
10823
10825
2636
10836
2645
2650
2651
10842
2653
10843
2657
2658
2663
2664
10855
10858
10859
2671
10863
2680
10876
10877
2694
2695
10888
2697
10894
2705
10897
2709
2710
2714
2719
2724
2728
2730
2737
2741
10933
2744
2745
10937
2762
2763
10954
10955
2766
10961
2772
10965
10967
2776
10969
10971
10972
2781
10976
2786
10978
2790
10986
2797
10990
10993
10995
2808
2809
2811
2812
11005
11006
11010
2824
11016
11019
2830
11026
11028
2839
11032
2843
2845
11037
11040
2856
2858
2859
11053
11056
11057
2867
2871
2873
11067
11068
11070
11072
11073
11077
2888
2891
11090
2906
2909
11103
2912
2916
2919
2920
11111
11114
2925
11122
11125
11126
11127
2937
11129
2940
11133
2942
2943
11138
11140
11141
2954
11148
11152
2961
11153
2965
11157
11159
11161
11168
2982
11174
2984
11177
11180
2990
11184
2995
11189
11192
11195
11200
3010
3011
11205
3018
11212
11215
3026
11219
11220
11226
3036
11228
3040
3041
11233
11236
11237
3047
3048
11243
11244
3055
3056
3058
3065
11257
11258
11259
11268
11270
11271
3080
3083
3085
3087
3088
11286
3099
3100
3101
11294
3104
11296
3109
3110
11304
3115
3119
11315
11316
11323
3133
11327
11328
3138
3146
3149
11343
11345
11347
11350
3159
11352
3164
11357
3166
11359
11362
3174
11366
3176
11370
11371
3184
3185
11381
3190
11382
3193
3195
11387
3198
11391
11392
11394
11398
3207
11399
3209
3212
11404
3216
3217
3220
11412
11414
11417
3228
11420
11421
3239
11435
11444
11446
3256
3257
3258
3260
3265
11458
11460
3269
11463
3272
11467
3276
3277
3281
3285
11477
3289
11481
11482
3292
11484
3294
11487
3301
3303
3304
11501
11502
11504
11506
3315
11511
11513
11516
3325
11518
3330
11522
11526
11527
3337
11529
11530
11532
3345
11538
11545
11555
3364
3365
3366
11556
11558
11559
11562
11563
3375
11567
11571
3383
3384
11576
11578
3389
11582
3397
3399
3402
11596
3409
11602
11612
3421
11614
11615
11616
3426
11618
11619
3429
3430
11620
3432
3433
11621
11624
3437
11630
11633
3443
11636
3448
3456
3458
3468
11660
11661
3472
11669
11672
11675
3490
3495
3497
11691
11693
3502
11695
3504
3506
11699
11706
3519
11711
3523
11716
3528
3533
3539
11732
3542
3544
3551
11743
3558
3559
11750
11752
3562
11755
3567
11760
11761
11762
3576
11770
11773
11774
3583
11775
11784
3595
3597
3610
11802
3612
11805
11806
11810
3635
11830
11834
11835
3646
11839
3648
3652
3653
3654
3657
11850
3659
3667
11861
3670
3673
11866
3680
3681
11876
3685
3688
3689
11889
3698
11897
11899
11900
3713
3714
11905
3717
3718
11909
3721
3725
3726
11922
11924
3733
3737
3738
11930
11931
11932
11935
3747
11939
11940
3752
11952
3765
3768
3769
11962
3772
3774
3777
3778
11969
11974
11975
11976
11980
3793
11992
11998
3807
12000
3810
3819
12011
12012
3825
3828
12023
3834
3835
12026
12029
3838
3839
3846
3848
3853
12050
3861
12053
3865
12060
3869
12061
3872
12067
3876
3878
3887
3889
3890
3891
3892
3898
12091
3901
12093
3910
12103
12105
12109
12111
12121
3933
12125
3937
12135
3945
12141
3950
3954
12147
12148
12150
3961
3962
12153
3964
12154
3968
3969
12161
12163
3972
3973
3974
3975
3976
12169
12170
12173
12174
3984
3985
12178
3988
3991
12184
12187
12188
3997
12192
12195
4004
12197
4009
12203
4012
4013
4014
12206
12207
4017
12208
12213
4022
12219
4031
12223
12231
12232
12233
4043
12238
4047
4048
4051
4052
12243
12251
12252
4067
4070
4071
12265
4077
4078
4080
12282
12283
4097
12289
12292
4103
4104
4105
12301
4113
4114
4123
12326
4135
4140
4142
4143
12334
4149
4152
4153
12347
4159
4165
12357
4169
4170
12366
12371
12374
4183
4187
12386
4200
12397
4208
12401
4210
4211
12414
4225
4231
12425
12429
4239
12433
4242
4244
4245
4246
12439
4250
4251
12446
12462
12465
4274
12467
4276
4277
12470
4279
12474
4285
12478
4287
4301
12494
12498
12499
12502
4313
12508
12510
12512
12524
4334
12529
4340
4341
12543
4356
4357
12548
12549
12550
12551
12553
4365
4367
4369
12563
4379
12574
4383
12577
12579
12582
4391
12585
12586
4400
12600
12601
12602
4412
12606
4417
12615
12616
12618
4428
12622
12624
4434
12631
4441
12633
12637
4450
12643
4453
12649
12653
4462
4465
4466
12657
12659
12662
12665
4475
12668
12671
4482
4483
4485
12678
4493
12687
12691
12694
12695
4504
4509
12709
12716
4526
12719
4529
12723
4535
12727
12728
12734
4548
12741
12745
4555
12750
4564
4569
12765
12771
12773
4584
4586
4589
12782
4594
4595
12786
4602
4604
12796
12799
4609
4611
4613
12805
4619
12812
4626
12818
4628
12819
12821
12828
4638
12831
12832
4641
4642
4643
4645
12844
4654
4656
12849
12850
4662
4666
12865
12866
12869
4678
4682
4684
4689
12883
4695
12887
4697
12889
4703
4707
4708
12907
4716
12908
4733
4734
12926
4738
4741
12934
4745
12941
12943
12944
4755
4763
12956
4766
4767
4768
12962
4771
4772
4773
4774
12969
4779
4782
12976
4786
4787
12986
12987
12988
12992
4801
12993
4803
4804
12994
12996
12999
13001
13002
4816
4817
4819
4820
13012
13013
4824
13016
13017
13024
4834
13027
13028
13029
4838
4845
13040
4849
13042
4852
13044
13045
4857
4867
13061
13064
4877
13072
4885
13077
4887
13079
4889
13080
4892
13085
13089
13091
4900
4902
4903
13097
4912
4913
13104
13108
4919
4925
13117
4927
13123
13126
4935
4940
13133
4944
4945
13137
4948
13141
13142
13144
4953
4954
4955
13146
13150
4959
4961
13153
4963
4974
13167
13168
4979
4980
4983
4985
13180
13183
13186
4996
13190
13192
13203
13204
13211
13213
13216
13217
5031
5034
13230
5039
5042
5043
5044
13234
13238
13241
13243
13250
5059
13254
5068
5069
5071
5075
5076
13268
13272
5082
5087
13282
13287
13288
5100
5101
13293
5104
5106
13304
13307
13309
13313
5122
5123
13314
13317
13319
5134
5135
5145
5149
5150
5152
5153
13344
13347
5156
5158
13350
13358
13364
5177
5180
13384
5194
5197
5202
13395
13403
5212
13411
5222
13415
5224
13416
5226
13417
13418
13422
5237
13429
5239
13430
13431
13433
13440
5249
5257
5267
13460
13465
5274
13467
5277
13470
13473
5283
13478
5288
13481
13489
5301
5302
5303
13499
5315
13510
5321
5322
13517
5329
13521
5333
13525
5335
13528
5342
5343
13534
13535
13536
5347
13538
5349
5355
13552
13553
13560
5370
5372
13564
13568
5379
13572
13573
13575
5387
13579
5390
13582
13584
13585
5396
13591
13592
5401
13595
5404
5405
13599
13602
5421
13613
13617
5429
13622
13623
13624
5434
13630
5444
5446
5447
5451
5454
5459
5460
5462
5469
5470
5472
13666
5475
5478
5479
5480
5484
5490
5491
13683
13686
13688
5501
13697
13699
13701
13702
13708
13711
5521
13714
5523
13719
5531
5532
13725
13727
5536
5537
13728
13734
13735
5546
5549
13741
5560
13752
5564
13756
13758
13768
5579
5591
13784
13788
13792
13793
13795
13796
5608
13801
5611
13804
13809
13810
5622
13830
5647
5648
5653
5656
13851
5660
5662
13854
5666
13863
5672
5673
5674
13866
5678
5681
13874
13875
13878
13879
5690
13884
13891
5703
13896
13897
5706
13898
13900
5711
5714
13908
5717
13910
5719
5720
5721
5722
13911
13913
5726
13918
13919
13928
13933
5742
13936
5748
5750
5752
13946
13948
13952
5763
5766
5774
5777
5778
5780
13972
5782
13973
13975
13977
5788
5789
13980
5791
13982
13983
13984
5795
5797
5799
13993
5802
5804
5807
13999
14000
14002
14004
5814
5815
5817
5823
14015
5831
14024
14029
14030
14032
5841
14039
5849
14043
5853
14048
5857
5858
14052
5863
14057
5866
5867
14063
5872
14066
5876
14069
5882
5883
14075
5885
14076
5889
5898
5899
5900
14090
14093
14096
5909
5912
14106
5915
5917
14110
5923
5924
5925
5929
14123
5933
5937
5938
14131
5942
14137
5946
5949
14144
5954
5955
5956
14149
14151
14156
14157
5966
5967
14160
14161
5971
14164
14167
5977
14175
14178
14179
5992
14184
5994
6003
6004
6005
14196
14197
14198
14202
14204
6013
14207
6016
14208
6018
14210
14215
6026
6036
14228
14229
6039
14231
14232
6048
14247
6059
6061
14254
6064
14257
6067
6069
6070
6072
14264
14266
6076
14271
6081
14273
14276
14282
14283
14286
14289
6098
14290
14291
14293
6102
6103
14295
6105
14297
6112
6114
14306
6120
6127
14319
6129
14322
6135
6138
6140
6141
6142
6143
14333
6145
6146
14340
6150
14342
6153
6157
6161
14353
6166
6167
14358
14361
6170
6174
14366
6179
6181
14374
6186
14380
6189
14394
6203
14396
6206
6212
6214
6215
14407
14411
14412
6224
6225
6227
14420
6234
6241
14433
6243
14434
14435
6246
6247
6258
14458
14459
14461
6270
6271
6278
14473
6284
14478
6287
6289
14482
14487
6296
14489
14491
14492
6301
14494
6303
6313
6317
14510
6320
6321
6322
14512
6327
6328
6330
14524
6333
6336
6337
14528
6345
14538
6348
6351
6355
6356
6362
6364
6365
6377
6380
6382
6384
6387
6417
6420
6422
6423
6430
6431
6439
6441
6444
6452
6457
6459
6463
6465
6466
6469
6473
6477
6479
6481
6488
6495
6496
6502
6509
6514
6522
6526
6527
6528
6532
6538
6542
6544
6547
6552
6571
6578
6581
6582
6588
6591
6594
6601
6604
6610
6615
6618
6620
6628
6631
6634
6640
6652
6656
6657
6659
6660
6664
6666
6667
6668
6669
6670
6675
6683
6697
6699
6700
6702
6711
6712
6714
6717
6722
6724
6726
6728
6729
6735
6740
6745
6760
6761
6764
6765
6770
6782
6787
6793
6795
6803
6809
6818
6825
6826
6830
6834
6838
6839
6841
6851
6853
6861
6865
6882
6883
6887
6893
6894
6896
6900
6901
6910
6918
6923
6929
6932
6936
6951
6954
6959
6974
6977
6983
6987
6991
6994
7000
7019
7020
7028
7031
7045
7051
7053
7054
7055
7060
7062
7067
7069
7075
7077
7082
7107
7110
7119
7124
7125
7130
7135
7139
7141
7145
7146
7147
7150
7156
7191
7196
7206
7214
7232
7233
7237
7238
7241
7251
7256
7261
7267
7281
7288
7295
7298
7307
7311
7319
7331
7332
7335
7351
7354
7356
7361
7363
7366
7368
7371
7376
7380
7384
7390
7404
7406
7411
7428
7440
7444
7446
7456
7465
7476
7478
7482
7485
7487
7489
7493
7494
7499
7502
7503
7507
7521
7523
7525
7530
7533
7534
7535
7536
7544
7553
7558
7560
7562
7587
7588
7590
7597
7598
7612
7613
7619
7620
7629
7630
7632
7638
7640
7642
7646
7652
7654
7655
7658
7668
7673
7677
7678
7683
7689
7695
7700
7701
7726
7734
7741
7746
7756
7759
7765
7776
7777
7780
7789
7793
7795
7806
7807
7816
7818
7831
7837
7843
7853
7858
7867
7872
7881
7885
7886
7887
7890
7897
7898
7900
7905
7906
7907
7909
7910
7911
7912
7915
7917
7937
7940
7944
7963
7965
7974
7975
7981
7986
7992
8007
8012
8019
8021
8022
8032
8034
8046
8047
8048
8050
8051
8052
8054
8058
8063
8066
8072
8076
8080
8083
8089
8091
8098
8100
8103
8105
8108
8110
8111
8114
8115
8117
8120
8121
8125
8130
8135
8136
8141
8145
8149
8173
8174
8179
8183
8185
8188
8190
8191
