12294
12514
12085
2692
4923
8674
12513
6259
12792
5258
9463
8084
11938
12839
4314
11797
5271
10468
9096
958
11213
8815
13248
6470
10548
9712
997
7719
14480
13023
5217
7514
11585
9181
8467
3826
10991
1570
9866
12489
121
13394
8850
11291
687
8743
9889
1465
2172
14162
1608
14464
9869
1740
2629
3665
10383
3484
6187
1746
6921
9013
11003
7760
2904
167
2760
3630
5686
635
9672
2392
6891
3663
13635
12541
1897
419
2178
6123
7914
10028
9104
3374
10673
11164
12270
13007
6267
7716
482
993
4725
3316
10982
253
12785
1974
8474
4632
4587
9870
7526
3391
10176
5655
12466
11022
3053
598
7324
7240
6774
12193
10054
3431
13882
5041
6554
9420
2428
11780
10446
4348
6438
11877
11336
3813
5555
12244
7918
7216
610
6690
11883
9302
10931
12216
2478
13360
187
12211
1350
13209
9034
5615
10773
1256
13722
10422
12788
5600
4802
2315
3286
3147
8702
9972
11388
14436
6047
2574
1356
11617
10964
12763
2173
10365
155
12758
13328
3117
6563
11885
1618
239
9155
1770
1310
2239
12879
3242
9068
524
11594
3842
6050
2588
3261
517
11846
5718
10251
11920
2788
10104
9909
14230
11080
10741
4053
405
4295
1902
8991
14339
1198
872
2308
1771
1303
12295
7325
8728
8780
6786
7168
11961
572
14200
1263
5526
14500
325
3723
11989
5354
3631
5007
13902
7541
2733
3401
8699
10679
5048
4969
7073
4375
2951
382
5157
1598
10175
6023
3524
6304
11994
7572
14357
14370
481
3066
10490
6100
12359
3908
8564
3452
13618
7999
9016
10391
13994
11061
2285
3550
10927
11823
1656
14055
2997
1445
5671
4020
9209
10055
12683
12209
13115
8822
2252
10266
1919
3674
3438
6428
4387
5713
14031
12459
6052
5200
7779
10310
10412
12226
173
9398
11051
6755
11734
7531
1329
3701
10523
7378
8840
10419
9979
5219
7770
1218
6898
6338
11483
10293
7290
8971
12924
6185
13634
12358
13615
6993
6906
8392
489
1652
10570
10089
5640
10694
13407
10846
5906
9864
13354
7338
7212
14287
5731
9466
6949
10763
14117
11064
2731
9331
11724
8252
13542
2533
4125
2847
5449
4928
4676
6397
8057
2999
2703
7758
12096
3806
7427
3167
12995
12057
678
7304
5669
1628
10457
14155
5626
9737
11915
13663
9635
6780
8544
10873
8852
4571
11707
13828
12699
3089
4553
6084
11804
3001
6504
13971
8037
1517
602
4930
836
3333
12576
8160
11390
1602
13095
4709
7814
2156
12629
13175
5602
12016
9456
13053
5604
243
346
12797
3756
9156
6763
4668
224
712
9095
2314
11376
10760
11480
11429
8558
2463
11020
13498
3000
14065
12218
7692
772
11574
4042
1647
3942
3120
9311
7369
7382
6268
10651
9422
9171
5050
9222
2472
86
6678
10491
11816
13119
4023
13777
1347
9099
4982
4119
13177
10318
14253
4652
7005
14507
11339
1374
3091
7751
3201
2874
6057
10372
12436
7271
6400
259
1764
13786
10389
4720
4355
11687
7407
13703
8814
10352
8350
11466
8506
956
8370
11926
1427
12186
7578
10900
14241
1007
10924
8966
7592
8068
10326
3094
13890
1101
3619
7934
1910
8090
1150
4860
3588
12704
617
1304
9558
11425
12952
11361
5735
2523
9097
2073
11759
10448
9634
8965
8319
13300
4992
12607
13105
1827
13581
8916
6856
2524
506
2562
11276
12046
2396
8355
6950
3372
8250
10958
8683
1353
13242
9942
11255
10907
4917
5266
11473
9118
12263
11849
4178
8157
13675
4328
8876
14365
4616
11982
10231
12418
11934
7699
10524
3780
10243
10682
7903
8872
6282
7653
13760
14310
3249
600
266
2939
13463
4601
221
9387
5740
12056
5952
10824
9186
4970
3360
1972
2034
2793
3305
11822
14449
8509
12419
7396
6696
4506
7869
4844
11947
1396
10125
7641
460
4321
7976
3686
4942
1634
13031
1695
5980
919
2538
10776
5758
12837
1424
5724
4216
6759
6869
7244
8607
6494
13284
10546
7070
13181
100
11253
9499
4349
13343
9560
7865
7922
5840
11468
2367
11172
13790
10277
6068
3404
11826
5388
2836
6091
2866
10801
7415
1383
10283
8442
3967
812
9566
11635
2095
2512
6297
1435
10925
83
12893
6295
5467
6748
10440
13736
7675
7500
11290
6942
13658
1523
12724
9393
7264
3852
9570
12255
8070
2936
5098
11923
11985
168
2281
13223
2319
5843
12863
638
13257
3636
9498
2267
11601
3664
3622
7742
14439
886
10640
8087
11285
5369
7118
9536
13219
7123
1499
781
2373
7257
6409
6012
12872
3074
14383
960
209
13043
12481
6715
13368
13515
9392
7215
1292
11050
7326
2058
2183
7025
1739
6738
4729
6693
8744
6305
12164
4660
3552
7873
8601
11091
9037
4045
9031
1446
4215
3938
6783
7982
13436
1720
6776
5297
1558
13887
6401
14262
12068
2853
7372
8925
1420
8592
7358
9935
12793
5767
12806
10739
10118
7815
3935
11081
197
12081
11703
863
12954
3476
7591
14185
1364
1291
11540
11990
14085
8423
4886
12833
7445
13797
4650
3555
7136
12052
7708
7957
12139
13296
8208
12682
14409
12034
2934
4290
8934
5676
477
3241
6577
4524
7316
10166
1588
13690
9623
5073
9505
534
14263
6394
1528
13166
418
14414
12900
14142
13912
215
11307
11305
4066
9009
10862
6854
608
7542
5806
4389
2203
9268
13921
2361
4895
9123
4502
13605
12592
12392
10788
9376
5811
586
2100
2226
8005
6097
4461
2421
13010
7174
7165
5397
1498
6342
5136
857
2654
12546
1038
1089
3545
2560
6218
375
4799
4229
3563
5727
10345
9667
12073
5844
3820
12743
10092
9669
9000
12555
13964
5701
6245
9340
8408
7870
998
4451
14187
10271
12961
14362
13068
2594
10466
11957
8384
14527
3390
13730
7463
6197
9076
2792
6254
13099
7980
3840
5963
4968
11036
2884
3909
211
3379
11809
7185
8956
6037
5887
7188
7297
10214
8270
14025
2914
1421
7397
9146
6573
13951
13199
9015
6175
205
3633
5565
12327
3373
8871
9454
12248
13966
2482
14028
11337
11380
3500
7733
14203
1638
13700
7621
2193
12645
9891
14272
14349
4197
8843
7585
1173
8765
3683
1066
8685
4236
8412
8772
3144
3841
9683
9265
7516
3936
11880
8335
3661
2880
14014
4747
14177
7617
84
7762
14003
9158
3459
6616
3435
5888
10433
2969
4600
5694
5920
2975
3875
5635
13069
12867
8774
10421
2535
9931
5506
544
5779
2704
2031
8029
4825
4416
203
7920
1092
6794
10246
5418
9863
10434
7859
13782
10295
9750
1100
1724
13474
13608
10036
11279
4345
12022
3255
10564
7656
1083
7955
2585
5358
9532
7103
6680
5209
5280
8696
13541
4122
2823
13671
12711
14371
51
5645
1358
11581
9545
8600
3941
10593
11988
11918
12929
4307
3346
9117
13155
1294
10178
10664
12007
7086
9297
8067
2011
190
7167
8427
1088
7063
4853
10299
353
294
1953
8915
7771
624
13816
8235
4522
9513
9778
7753
14129
7105
9912
12700
12848
10769
7783
10066
815
4918
9206
1889
14108
932
11105
11408
385
13639
3560
2115
4108
14174
6192
6829
7218
7162
940
6403
9026
4299
955
5582
13903
1102
4700
1103
5910
6478
8473
10706
146
2687
667
2477
9133
9046
5037
5979
13462
9548
14034
12823
11496
8775
5004
4539
5171
5393
14427
8545
9967
10869
7952
9371
2606
321
8790
3162
5855
3416
10884
3608
8524
3336
6442
5466
4282
13557
12570
5485
10302
9638
6768
3724
7387
2749
4477
7532
1563
9702
5294
6619
6482
3628
4777
10140
4808
9812
7442
972
5704
1606
11719
8521
11025
4644
5442
7605
2389
279
1726
4931
8341
9602
2023
3132
1642
1254
13647
9781
4978
1051
10330
3571
13253
10838
8797
1785
12906
11156
11211
13078
9914
10046
9506
12612
4546
12794
8288
2298
14277
13404
4827
14292
14077
5828
8853
2135
357
5406
12705
2976
4717
8884
3696
2649
12679
6418
12066
10204
12932
8926
913
3299
10981
9950
11763
3764
13691
14189
2814
10363
7330
281
14097
12826
8604
8510
11448
2910
5623
983
2565
5749
12431
1561
5012
821
2295
2348
14460
7405
8795
2717
13654
12144
8499
9405
7379
10908
11881
9934
9428
8587
9567
5026
6294
10737
11086
8313
12621
8938
3049
2297
7289
10079
7036
10459
12935
7968
1021
8552
7623
8535
3222
14417
9919
11653
1863
4544
3591
8016
12972
1204
8993
10431
2872
9064
10156
11060
8992
8650
2765
13904
12963
5934
6176
5578
9284
13071
344
6741
12331
10847
367
10638
14540
7515
1905
10069
11845
12333
9880
4056
10308
11112
784
11302
11838
6171
6372
2746
9888
4083
8659
35
3870
6507
67
2834
13668
5247
8131
10896
7648
14520
7936
13139
292
6261
8546
8321
172
3585
12312
11542
1136
9337
8357
5575
13094
10997
8623
4685
6019
8819
1059
8854
6673
8911
7509
552
10867
6614
8794
1539
12356
13508
13852
13187
9164
6938
6436
6063
4335
13940
9380
1267
744
14385
5160
13278
516
1864
11591
7864
3785
28
4920
10342
13653
8248
5187
9090
6361
546
6585
4922
14147
14359
8748
11311
13922
7566
4908
7300
12696
9168
3640
13361
6908
14158
3894
1749
1574
10101
11552
3059
14448
8475
5637
2419
13259
3927
7046
14335
3951
9908
13586
13208
4875
9682
6151
4380
6920
4421
3067
1710
3291
8351
11186
5144
7672
9025
79
12020
1117
8237
3750
13886
2256
5812
12278
9584
11553
3439
14395
11119
302
6283
6196
9325
14258
3656
13789
3469
3753
3982
4075
4821
9790
4627
1328
9621
2932
8900
4924
5943
4607
4665
13862
13707
6326
4415
3019
1081
1585
8979
7570
4567
12940
2398
9587
8342
11605
1422
2171
9949
9832
3711
1780
12083
6184
29
10458
13488
11495
13165
4692
12689
4679
6796
8196
1955
12229
7639
13827
3767
4192
5437
3165
6006
4585
13067
2200
8481
9793
4497
11196
9317
8257
4672
10503
132
6299
7303
6873
2420
3888
5331
11238
2302
1734
12074
724
3758
6589
14023
5105
12275
6041
12463
5839
12910
2407
1621
8490
11449
13665
333
5509
10382
1690
3131
885
7939
6775
1213
313
4826
2412
9939
62
4209
1120
330
12617
3405
11648
4370
8064
14372
10161
1225
10899
7132
8316
7269
14119
3264
6249
10813
10185
14018
5341
10827
12181
14312
6419
12656
9794
7448
12504
11793
3033
5796
3475
12329
3314
10977
10583
1430
6676
966
936
236
1049
9504
1297
271
3896
14442
2328
8291
14068
4874
9609
240
247
4579
1497
13406
13106
7495
7610
6230
13680
10162
12852
3632
7109
9093
4267
359
5072
1394
9416
3153
2915
4759
7250
3787
113
7781
2782
1341
4556
8653
5232
9692
12753
9861
8039
6130
11411
9058
677
11678
591
6082
249
8478
2175
14497
7960
6306
5587
3145
10041
14280
12672
11248
11331
11919
6464
3280
10080
9549
6937
14212
13088
12990
7029
7131
4991
13305
10098
2780
1170
6982
12055
10555
8877
11791
9933
12737
5028
5650
5394
9250
10915
964
6970
3478
12858
1787
9690
12138
7421
6692
8416
2030
6190
1520
2991
368
7345
6734
10064
5190
8556
4568
1639
530
2522
8393
3507
6927
9492
4190
46
10305
5465
2913
13543
8479
5112
14222
7301
6413
9987
4528
11613
11092
8088
7085
9044
4218
6871
2229
6207
10920
10138
9170
3868
11317
11832
13076
923
9063
13359
1165
14493
1271
7315
189
11554
3268
12120
10511
13149
2046
8534
9433
14007
13907
3799
10606
8287
7243
8818
743
10690
3027
6649
1255
12950
11736
7520
10833
1901
5395
8799
9195
9852
14201
13603
7559
12314
6392
9640
6058
6694
14479
4199
11062
4265
11912
2036
13134
9856
1085
7705
12974
7947
10922
4006
12201
7697
7916
2603
6613
1234
5244
3158
9230
9689
12310
11274
3152
7604
4785
7462
2669
9607
11902
531
5099
5981
5216
13400
6433
4040
4330
4402
1504
14044
14298
8112
11335
7457
4432
13379
10374
12172
2417
10354
11742
1482
3340
14056
12904
861
13710
3831
1581
10910
13519
14220
1097
1189
3762
9385
4280
6483
10902
9783
2751
12854
14517
6487
4438
11427
11334
1600
60
6137
656
9907
13075
7090
14498
7200
7486
1761
412
8682
8451
9859
2122
9871
3873
4593
11650
7607
564
8126
5927
8299
9215
7749
12003
10463
9839
9544
12913
12254
11639
8520
13162
14469
1664
9707
4647
13090
11551
1886
1701
13121
2117
6499
11572
10360
9865
2259
5765
12313
4748
7868
13502
2474
1210
3494
8873
3932
10288
13247
537
7730
1888
1857
11713
8588
11868
6885
7254
8264
6708
9970
3824
12497
6126
12325
222
13366
13054
5468
8380
5126
3817
14327
803
2461
10812
10478
5601
12341
7763
10232
8104
9464
7679
3270
11769
3275
3641
12152
12355
6546
2801
14211
12332
10344
2901
5464
9101
1617
3262
3488
14488
12323
5621
11110
10048
2245
5016
9154
732
11794
7030
4550
493
4973
4318
2354
8671
6888
13970
3121
91
1419
10996
18
339
2128
6066
6602
8722
3511
13968
13191
13931
10917
277
13388
13233
2179
9784
9102
1980
13755
4439
2613
5
14183
9048
1709
5948
14519
12693
14186
2977
8337
8258
5964
1036
8801
13336
4976
8026
13504
4622
4831
10571
6389
578
3795
161
12336
11604
8144
7931
9478
3103
1519
13855
4094
9650
4671
10538
5918
6200
6958
7748
7104
6266
2437
7569
2963
13696
1302
1742
9585
10332
14474
6662
10826
156
13377
654
2017
6480
4956
3728
10861
6435
2928
4765
12942
320
4883
1479
917
1182
1559
2968
7556
5776
3143
2242
8735
596
8275
13062
14313
1411
6840
1217
8753
621
10370
12245
6843
4390
714
2688
13626
9937
12471
275
5195
6681
3536
13950
7006
449
1242
6996
7292
12642
1284
11149
11865
3418
2503
4562
6275
6395
2618
9823
2670
7334
2105
5585
1715
11884
12126
12143
6849
1685
2518
2092
13825
5340
4722
11818
6233
6850
12685
6698
7138
7690
5408
11475
779
13496
7430
8419
10290
7511
5430
12861
14083
897
10919
11790
8411
4993
10189
14095
14080
5553
12710
7310
1550
976
2055
11564
38
4941
13030
7876
3952
7186
7941
11984
8094
4256
13509
11785
8584
7805
1966
6778
1484
13987
3515
3534
3516
3922
9189
12568
8568
11479
11829
9276
10481
11121
11864
10774
13660
2341
1093
12115
14490
695
2841
1909
1849
7450
1861
112
2621
7901
11491
3406
5661
2921
13649
3236
7667
10002
13500
8640
4879
4835
3549
10119
5894
2676
427
12755
4557
3943
5864
7921
5139
12428
4409
13761
11792
5251
999
13459
483
13533
2139
8649
9920
9445
5568
3877
8686
1714
13456
3607
9374
4744
10527
4639
3980
9322
2042
2626
13011
4363
3156
7084
10453
5473
7095
13222
390
10113
5439
6315
4776
7094
148
10249
1835
8158
2487
13059
14324
1818
1865
341
8635
33
374
10560
4253
8025
3338
7561
4095
9807
8387
6831
1432
3073
7182
9285
10852
12834
1084
778
5385
5296
13267
1583
6617
7546
14089
14404
6405
8123
12506
3129
2022
4155
2825
5458
8372
14064
5263
11749
7833
7140
10791
11301
7661
11099
9269
13357
10228
10105
9148
7079
3422
8523
1116
12647
10307
2231
11901
1847
8982
13748
11447
1444
7056
9529
10617
3057
11046
5400
9718
12224
10116
10621
3327
5805
6964
12802
11500
2521
11941
12747
162
13812
11997
7466
3107
11218
5425
5445
14402
13871
10835
10084
4545
13035
3297
5078
11758
10160
10767
10516
10265
2546
4414
5376
7989
4284
12427
204
13945
6644
11365
4637
5698
1239
13604
13698
1367
1118
13594
10314
4547
11410
5407
7099
6051
9559
7408
13310
12641
14238
6031
3998
2761
9538
4798
8643
13335
10550
11436
9578
11071
8550
3102
9739
2364
1027
6530
12190
9598
5725
5510
2277
7694
14191
13277
13428
4377
12813
68
9178
1268
9328
2756
13492
3983
8895
288
13273
4195
14363
4513
8170
10619
9242
8575
12980
10747
6042
13172
9224
12234
7573
2057
10424
498
5017
14351
3172
5463
14496
12205
13240
12692
2675
5837
2740
7785
12092
10235
791
12767
13813
1249
5198
8516
7682
6280
8762
10625
13712
2633
4117
5618
13643
8333
2576
2755
387
11741
14440
6
8537
88
3740
662
1567
1365
9813
11680
11640
4706
4188
6461
13636
11364
7340
11519
12417
7583
10950
3771
10348
1766
2191
8464
6583
1373
5021
10688
3388
1662
10533
8960
6916
3710
10276
4126
748
1986
6777
7328
12795
3092
8936
2329
6665
13880
13673
5032
114
8315
5279
13351
5056
2101
13678
7228
6543
13135
14341
1283
1327
920
13995
13295
4347
10210
2612
1018
5649
7967
3240
4286
4106
13362
5168
5328
13861
7508
2133
5118
9646
8700
10528
5009
5398
910
5254
9906
6107
4082
13100
11718
12770
10923
634
220
10203
50
7883
11927
1733
10602
4901
8764
6108
10206
12372
11188
6049
6517
10438
3493
2857
1671
13039
5824
13454
6879
14308
13693
7913
8990
6798
13285
13507
2066
9615
9705
3199
13264
7950
5312
10159
8485
13482
12761
12112
2679
7660
6928
4025
8134
11179
5489
8407
2578
5409
3370
10072
4625
1635
2876
5540
4151
4537
12914
9137
6183
10979
12151
10746
11577
9113
11464
7039
3959
3317
3298
7787
2903
3004
14146
720
9903
5873
4168
7231
8279
9124
2820
1175
8896
6703
9183
9330
12402
14462
217
1030
12922
4116
10652
9581
13520
9223
5324
9968
3246
10399
4823
8349
4667
4517
305
1476
3854
7429
2537
8139
4293
1555
7757
4937
9248
13224
11349
7153
5240
3709
12296
9627
13505
2986
5684
9722
7819
1451
9943
2634
1334
4134
10554
285
1161
9518
4005
1262
11873
7184
9251
4001
4521
8033
1179
5323
961
9637
10053
256
14537
12156
1439
5675
3518
13704
2339
14346
13612
5110
6535
13965
10473
10566
11260
12281
13957
9473
11837
14135
5944
7177
4196
3470
7680
7894
9368
5246
1340
1121
11155
4470
4620
12317
6252
822
278
7882
11575
7394
2492
13676
12377
6045
6550
7624
10887
5165
9639
12416
12031
12680
1872
2071
8460
7163
11963
9748
9758
8086
13220
6580
13266
1015
11265
1386
9573
9417
2771
6753
1693
6890
14428
11913
6015
4298
7068
11145
7769
1694
11722
3479
7149
6842
7786
10057
10521
2757
10647
12732
13018
2813
14348
9652
1994
10202
2708
11321
12228
10781
9785
2098
4436
8579
9108
10045
5492
9055
7951
13218
3020
7942
3351
11171
12757
11222
10312
12035
439
4281
2837
2312
3501
1717
2293
9375
13302
7327
4431
7729
1852
1075
4174
7309
2410
10615
3215
12337
731
10732
5583
8842
2096
1155
8079
541
8793
2510
13650
8361
2767
3183
1942
2121
12291
13514
5893
5476
13070
11087
4026
4793
9166
4099
2166
14344
11557
4259
6720
13920
11887
5614
6710
3644
6456
1391
3572
2927
1738
3575
13644
4322
1181
11454
11710
8298
2257
4217
7635
4425
5755
14378
8346
1280
1962
9246
1681
7210
7644
9476
5084
11515
9176
10793
5845
6846
7268
1240
5957
6310
13869
13767
2652
13349
3722
14047
2014
4015
11514
11996
5167
5248
12077
13227
2893
11579
9879
9321
6884
14377
12605
6335
2391
5108
11428
12984
6121
12488
2783
7935
1666
3776
3434
13754
14268
690
7023
11490
6623
511
12751
11959
6454
11824
407
10015
2050
5712
4478
2486
9848
8028
4011
13834
10603
14006
6744
4204
2802
6253
14051
3247
11766
1808
2
5603
8787
13477
869
7154
6498
85
4761
13174
1457
1997
10230
8745
352
231
7575
6823
9121
6612
901
12675
9755
10631
4554
13997
3134
3928
13674
6244
5389
2309
9131
7512
701
8352
9965
2542
4998
6679
10476
12768
11859
6685
4230
7594
5691
12894
3944
5561
12739
6866
4841
2509
13811
8420
4531
6911
4186
11783
11726
12117
14087
9175
6922
158
5146
496
3108
11978
6086
10724
1963
1132
12949
1753
6913
10798
749
1721
710
7294
2028
1270
5736
11690
11782
14236
2021
906
4311
7181
1345
6684
8631
11589
3580
12260
643
13924
11817
9403
1543
8271
8338
8240
9098
14536
6043
3992
10655
5870
4850
8890
4712
11548
13806
5066
13480
5378
7983
3924
10629
8562
3072
5770
5138
1215
8734
14
2218
3880
2769
12730
9654
13832
3462
13332
9041
12909
1946
13667
8204
14165
12836
1898
11214
4162
1586
1866
9674
909
2931
10093
10805
9763
12159
11509
3266
5327
12376
10728
2673
12381
9872
128
12045
10721
3919
7802
9255
6953
14279
10595
8207
9771
6503
13805
7058
467
4401
11422
9296
8501
12420
3699
5974
12562
3600
11082
6858
7767
2879
13849
1772
137
6876
13747
14259
13637
8995
6603
8868
4490
2119
7318
2300
5800
9867
1829
7775
4271
10120
181
7681
11928
2418
9324
5988
5911
8542
4339
1612
3905
3221
5218
11623
184
5060
1722
12851
12827
6511
10832
415
2689
5730
7420
6855
8714
10327
2895
3627
645
5384
7392
9355
970
5697
7954
1509
13967
12760
5997
9834
2091
4163
12378
12902
10881
10040
3189
3904
13004
5935
5950
2726
3489
12989
5211
12591
4797
11117
8961
6520
14368
6213
214
6824
6323
9112
297
11610
13547
6709
13713
9520
4386
7367
13315
12315
9147
12884
1776
8742
12365
11079
4872
9814
8955
12527
648
4796
11488
3746
2388
13846
13320
2591
11586
9234
284
11966
14035
6467
4975
2722
11182
4822
5631
3570
649
235
943
7880
520
10764
10675
14243
8189
234
2791
12180
817
1300
393
4166
4715
11181
1591
5326
8585
139
10680
5741
9735
12542
9665
2445
4136
13821
11052
392
6408
1052
11131
10486
7302
8491
2079
7685
254
2408
2496
7754
9327
116
14251
6833
8383
8691
7265
992
13802
9235
11424
9264
14356
5088
3450
3098
13093
7504
4730
2130
9961
10932
13695
9139
4364
3021
1757
12921
10636
4061
7904
5593
14514
10127
14392
5286
3044
5308
13669
4781
13143
20
6560
5584
5090
7871
3155
9601
1807
261
5739
694
9366
2425
12225
3719
13280
6492
5361
1494
12423
7008
5270
7285
8151
1595
11377
5884
9351
13130
1046
342
3344
5905
12267
13050
8472
2768
9924
10071
6065
14103
12790
9029
10785
7984
6661
2431
2985
3296
10373
513
4669
9680
7773
12897
12947
938
2835
5833
6633
4683
2371
2009
9333
13958
7284
1821
13109
10258
2458
6766
6110
7291
7555
6757
14456
5046
8414
13252
3090
4120
7611
9003
11896
10017
7744
13978
1377
12648
5904
6625
8116
6366
105
12373
5592
870
11740
942
11158
8733
6251
5380
12042
829
2752
7498
3157
3965
6226
2224
12571
4237
7593
12049
4783
4608
9474
7033
4971
14145
14132
13873
4520
4775
13330
10600
2561
3244
12630
9412
8014
12285
1079
5477
7189
1433
557
9827
12733
1171
5846
4854
11709
8176
9731
5091
4002
12663
12557
11688
9745
676
1840
1691
8632
7839
7956
13771
8308
10435
3177
11262
2255
2644
5002
8267
2448
12708
12298
9831
13744
5128
9857
3392
104
14311
3916
4294
14390
9774
3206
8727
13716
2081
108
5624
7728
11696
5827
3812
14476
2667
12561
1729
2753
12968
2833
10742
6080
2177
4836
1222
7857
14193
10520
3773
10010
1378
865
10878
2712
14098
5482
12979
12975
4
12597
2764
8766
8605
4118
14168
1922
6248
8498
12199
5169
594
5189
65
3605
12567
10133
987
1790
8903
9957
11042
12977
12511
6990
8222
10209
9913
2566
8883
11892
11686
8106
7388
11074
12440
5729
13114
12841
773
7966
4297
9455
10674
7461
9517
6034
138
5250
4794
7804
6716
8976
1478
13570
5289
11954
8672
5070
1819
3381
5683
5363
6038
13438
12676
12404
11
7973
8167
13073
6939
3465
11426
4551
12759
12130
12300
2184
3781
7066
12442
11714
5426
12460
7996
3180
3343
5743
933
7929
733
13006
4054
13326
2957
6447
5518
13161
3604
717
12089
10726
9873
3320
75
4500
13662
7522
1870
3154
6434
3692
9030
1344
12959
2382
2244
13939
2284
14381
8660
9944
11801
14181
5182
89
9119
5448
2324
6645
4171
14447
12210
2085
1414
14531
4699
8082
1009
13764
6944
10597
11462
12584
1795
8680
898
8153
8662
12360
9723
9754
354
5330
9134
5141
13312
10817
4261
9397
11580
5029
3804
5276
10906
12344
9162
8031
3295
11109
12264
7997
10935
1820
8268
9641
13956
4599
12385
4249
7669
6256
4842
1945
10939
11878
3981
3491
4597
3832
6960
2711
9441
4753
134
8398
9179
1348
1607
6116
13389
6624
9878
8101
13408
8169
7235
14172
6239
6658
1330
4870
10723
6216
14150
6860
4337
1248
2948
6148
4674
2253
2829
14530
10364
6892
10598
5566
13413
3352
1688
5242
11991
6651
4074
9833
11634
2366
10225
2250
12391
4736
13621
2012
10014
12059
3779
13294
11030
7842
447
4423
5702
1937
7501
6386
2321
4296
10222
12640
9304
696
7670
5234
14465
13850
1316
13565
14225
12408
10205
4861
11831
1068
4560
13657
5654
2351
13340
10577
6113
3140
4289
7203
4304
2037
13258
5111
4072
3677
11827
4580
5201
3903
12340
8443
908
6383
1700
12998
4086
10872
504
4538
3613
391
5851
1883
8530
10087
9020
11534
577
10356
10494
11646
9982
11860
12777
6040
5775
4951
1978
2470
7919
10879
2693
13439
1839
11023
4442
915
5895
11662
195
2401
10634
4177
5768
11632
448
7391
395
14074
5057
3802
7108
775
6191
13367
4714
4559
6182
7348
2334
6705
11929
1624
2082
2639
1488
1241
11223
5861
7580
14352
11644
13723
985
3425
1151
13600
8898
14472
9482
1653
7097
8989
10530
11137
3319
2597
4404
13943
3798
4648
12088
832
8964
1201
1680
7148
11264
10974
6574
2181
5483
3741
11089
248
3639
12496
5054
5761
6265
1260
6000
12321
6771
13772
9386
700
5903
7599
10408
2199
13545
13098
14413
10103
3716
8297
684
6827
5436
5798
245
12048
9799
11903
505
13398
8752
5353
5205
4331
1408
11369
8336
13387
5792
4617
8614
4878
5499
11256
9024
12560
7480
6274
370
14099
11828
10685
7474
11469
1874
4868
13485
5922
3030
8055
10227
7875
3311
761
12811
8221
9524
2637
13449
4459
3759
5441
10883
3078
5221
6341
8638
5529
9936
13103
4843
9795
2108
14084
10686
11715
5175
13102
2869
1091
8226
12299
8049
3329
9985
4756
9820
11438
11910
11565
6857
445
9694
1727
4561
4514
14019
10333
7172
1319
11197
974
6476
14060
451
9036
13899
5838
7693
11977
13906
2850
7847
8165
9200
13397
12801
9991
6915
7195
3113
6980
10557
4145
12469
9996
9984
4498
10856
1856
13513
4147
4873
3851
11281
1023
4610
10818
3253
9127
10510
14246
675
11169
3063
1875
525
9915
8892
3930
10112
8127
1296
1062
12862
11166
8369
6626
7696
3188
1546
469
4657
12738
4033
6516
226
11465
7740
5172
129
3687
9427
13715
3743
10347
8263
7336
2051
12432
11508
9421
331
11768
7464
2748
7737
11949
4131
5572
12069
6962
5856
7752
10081
6739
12967
2035
13750
13848
14400
957
13593
7896
12437
4035
5993
6587
8739
1164
12847
5530
4455
12119
8448
12058
14088
9278
3918
11665
4096
152
12041
5281
7938
5005
3214
6281
3884
2945
12352
12784
11674
2598
11330
2385
11470
13469
7665
1387
1876
14195
2682
9372
4275
1930
10371
10217
8431
1413
629
14111
2816
3013
10030
14309
7026
584
607
9541
7739
1403
7945
7840
8030
6088
6751
11004
296
4460
12628
6009
12473
10860
319
1385
2642
7543
9945
2525
640
1434
1737
2103
7091
10963
2504
9130
12698
10171
13151
7469
1041
5176
7014
2322
2590
4385
6367
6415
13323
13590
7579
7491
1219
5514
7449
8364
10026
1220
7121
11443
12500
7279
6242
7852
9751
9668
11951
7626
10926
454
9088
13881
12789
4148
6201
7137
8816
11324
10407
10439
799
13476
722
12279
8324
4832
8975
11906
1890
9370
4583
8242
2168
4661
3535
12824
7608
6533
6357
9766
3956
10646
1039
13210
14466
5968
4247
612
11386
825
4065
2738
1053
8278
8085
10539
10807
11611
2390
3358
6627
13164
14094
1279
9318
10461
7738
12725
13355
7224
6792
3042
11943
13826
9350
7962
11402
13005
12364
4408
13147
6976
8285
5551
8198
3695
13858
399
5559
12673
10199
12131
9396
9306
2796
6510
5383
13055
8792
13807
10294
8216
10109
7160
9732
794
4655
1187
9966
3705
7412
6933
539
13290
2208
3173
7581
12556
1317
3328
8024
3751
10355
1934
13894
2228
286
1810
109
9373
4254
7958
7971
4399
5907
5975
14224
7022
6878
3864
2304
2863
2666
11748
9729
1551
10758
414
9604
7439
3394
3845
6033
11455
13426
1338
14190
14091
7817
4346
11329
12304
11035
4397
13883
7698
11406
12090
8707
6955
473
9232
9432
9342
8615
6781
10715
8514
4111
1627
9354
9483
2327
3393
11882
1508
10147
361
3290
1361
9666
2414
12409
8217
13544
6989
2718
3666
1336
5969
6285
10336
5751
9599
11908
12948
866
7458
6674
7034
6240
3445
13000
9257
4760
4995
3847
3310
12021
2514
12014
372
5822
3895
8300
11014
3398
2557
3623
11059
7985
1048
13152
4358
4338
3867
6074
1625
13494
1389
5015
9522
3953
10194
3341
9787
12886
12707
12899
6904
12991
6811
9185
3786
7276
11373
1137
8265
13110
13679
7183
1802
1977
5264
851
1185
12928
2045
5471
9710
3581
12037
14302
13432
4206
1958
6319
6799
9402
2134
5644
7969
9728
7282
5550
9762
1568
10280
11652
3629
3702
2568
962
9211
12712
14226
4965
1577
685
7211
8944
14398
7459
5589
12810
11598
2153
3788
11354
9633
11584
12102
9508
6485
1395
1193
10298
7217
9622
9378
7161
5360
1274
6630
141
11150
11489
10388
1214
10416
11452
3830
9514
2180
7346
1769
9192
9642
7423
5259
9103
7273
8459
10216
5764
4788
12305
3920
3855
12762
6596
5231
4430
8737
9653
892
14393
528
3529
12871
5083
13376
13905
14485
11853
3643
13096
250
8817
13783
2600
1061
10200
1192
5339
11666
10183
8358
264
11651
11867
3513
13188
13554
4184
11251
6079
3009
527
2455
14011
7993
2088
5366
14270
3669
5457
12221
11401
14126
3084
765
1168
12748
11283
10913
13193
3045
7782
5664
4846
9434
1789
10703
1622
11800
12814
13738
727
611
725
4558
6952
2660
5995
5830
9382
13598
5065
9658
3248
6512
10401
8251
13419
11729
4581
12094
11543
13345
6529
1745
14040
13648
9546
10325
12493
10263
12444
5382
4742
7175
11368
13495
644
12168
1245
5013
8836
5595
7826
7087
7649
6046
8882
2124
3460
7537
6346
1113
10980
12239
14522
7313
14081
13270
304
818
4474
4327
10393
11987
2846
10042
13775
5455
6707
5786
1971
13346
1665
12406
8027
9085
11606
13412
2029
12253
13642
9128
3634
10154
10415
9377
244
12809
8129
10193
11698
2227
6875
13178
480
5879
10281
225
4605
11499
1931
10834
4344
4612
14100
5630
8576
2549
13651
11561
12455
13160
5334
2060
1645
5424
2450
3197
13597
7443
12688
3899
143
8959
639
8541
2559
12764
5826
7258
13556
9854
6089
3444
1469
9940
4618
13578
2344
4419
3599
13437
7549
2142
7143
6276
8455
3455
13032
8238
798
8375
10321
3745
5496
8156
10666
3651
3363
4603
10515
4512
12596
2176
9282
7016
2950
3032
5199
5317
6519
10765
13981
10245
4041
1449
340
10378
4675
12441
6788
8256
4933
3816
11958
1964
8373
2162
12389
7932
10151
774
3907
3970
9072
5520
1562
636
458
11764
4989
2647
6263
8891
9796
10720
9693
6868
7472
782
13107
10705
3428
12036
8075
2979
3061
10099
4115
2165
2159
762
12769
13985
13046
8043
5351
12335
8109
3313
10380
11297
13732
1363
8404
4161
2583
8421
12701
10854
10219
14438
3362
13942
12230
7625
8517
11778
5803
13237
1343
7568
6128
9449
11857
9384
4839
12721
14354
13876
6269
1636
8227
4986
8397
5512
9704
13127
8908
4091
1126
6359
2511
9765
8162
5102
5206
1514
210
5252
12843
9481
9303
8378
984
9952
13632
5908
7419
9687
8888
13844
8881
7731
1076
13996
7895
7074
13870
13378
3615
924
12532
4588
13847
10335
10094
11573
13829
9603
7127
422
8262
2155
1360
1370
11747
5793
5599
5325
9746
9786
11203
10695
11753
8969
14054
10485
9094
7650
12405
3601
6155
13916
12124
11493
8133
4848
5594
5617
7496
10953
5062
8359
11894
3486
6961
6686
5094
11521
315
5659
1149
6475
10282
7248
10800
3417
9007
6639
11588
4778
3312
14242
4342
13895
9726
7293
7616
8307
13548
11128
14016
14303
1109
4851
12222
2865
6791
4081
11787
7702
3856
2279
3946
5959
693
13425
7662
6147
10565
14170
2993
8304
384
6973
619
853
4376
12595
7434
12330
9236
13487
3684
3395
5045
3219
4543
8670
8305
9401
8986
6489
6536
13225
9141
11936
855
1090
8360
4201
10837
7703
8644
3566
289
5278
12030
3386
3655
12787
4530
7517
7768
3252
13820
13292
8987
1845
6149
327
10207
13559
1197
14134
8973
4283
3843
563
11175
3118
12776
10786
868
5440
13212
5860
3540
11440
14505
4266
1014
5808
8011
4492
6376
8939
6119
8968
1110
2785
1525
140
1990
7272
10665
4181
13195
11946
4079
12380
4876
2399
9291
4180
3029
2539
13877
6802
963
11815
13136
8923
10470
1289
9663
8560
7015
5214
12086
12013
5773
6790
8906
4731
349
198
9169
2070
6539
14386
13427
11319
4814
6565
13276
11986
11712
9617
8827
4257
2109
10029
11095
2875
366
11252
8518
9846
8656
6078
895
4926
1983
14384
12421
5745
566
11069
3097
1792
6805
12269
13380
9946
11503
1566
8945
13729
12845
4101
771
8379
1490
7032
5606
10052
14037
13746
8897
10886
4316
6557
6816
4029
3082
5958
13447
2138
12521
5984
6402
3182
13048
6881
11015
2564
12424
11789
6695
5419
6812
893
1778
545
14237
10270
8954
7490
7262
2010
1537
11671
10998
12658
8159
6566
6598
8590
889
7643
7176
5148
11569
813
4863
11353
3096
5810
13056
10395
7142
8040
7551
464
551
11322
11681
8705
14078
6947
3994
6687
8097
6349
3496
8273
9927
10588
7375
5428
7353
6109
13537
1554
5295
7784
13392
7144
12448
3106
2137
4060
2821
2275
7197
1900
13962
416
14073
10659
5563
11917
8015
6903
1140
2434
3230
4525
7874
8138
1212
8781
6807
6945
12825
6969
3897
9802
6655
6806
9938
7234
1146
4479
13518
2727
11442
9027
2069
1306
6719
3062
5309
5505
11767
12307
4880
3225
5756
10268
9551
12938
6099
13892
512
7280
7205
8405
2668
3300
8402
3707
8487
10429
4813
4300
12422
4690
10792
13189
10517
1672
11692
4764
14338
1209
3782
10047
10547
1549
2002
12316
8269
5183
2416
2411
144
715
12165
218
4770
1943
8286
2758
10569
12033
12925
14138
2889
63
12179
8648
1402
12395
10141
8610
6144
3749
11590
356
5114
3881
7725
12803
11230
6292
9656
1611
4069
9677
11993
2832
3396
5891
9791
7809
3921
2505
12731
13206
5852
14329
13927
13524
8494
2848
9023
5265
8582
13132
13185
4057
705
8081
6168
1744
5314
5019
4621
462
13781
1637
3075
13116
10000
9323
12306
766
11720
9733
13822
7838
8786
7827
5225
5486
14079
9849
14250
13490
7221
3993
589
10137
11858
2206
7647
1357
9126
12486
8017
14391
13052
7159
5262
13976
4769
3361
4670
1584
12714
12856
475
466
6688
12840
13299
8425
4309
657
12063
10190
12249
4592
272
10678
9161
12610
7305
6899
13401
14233
9082
9292
2646
4758
1108
8581
6024
7606
4653
6279
5003
13762
13037
1362
10058
4691
10949
880
14419
10831
10586
8301
9056
5545
4305
2146
2720
13261
13753
13424
2882
4949
1231
6754
2466
10044
3512
8389
5344
4713
233
10783
2436
10814
12302
4964
5495
11013
13889
13580
10409
11970
2807
6339
4623
881
13286
10240
5420
12311
7365
11379
13386
7601
10049
8829
2960
3355
8619
14049
12019
1130
8709
10592
13471
689
6756
12324
10645
6085
238
4743
14205
13271
4866
7715
5567
11871
9922
4219
10218
900
2862
7813
7790
1033
12256
9902
3387
7565
852
4988
10060
9837
11217
10309
3408
13444
950
5953
8832
7312
7977
1282
737
9252
4724
1180
12933
2747
5829
13963
2810
4268
2980
13374
10841
1580
13249
4222
4144
3790
13516
11751
13986
1399
12946
8645
6451
10970
12461
9283
5784
2716
8867
14169
10649
9010
10132
11911
1393
14416
9645
6388
1526
1781
13808
347
3410
5155
1920
14369
4914
658
3170
8318
526
4705
1366
12702
9014
13998
8522
6236
6486
14267
14027
5913
13670
8056
5557
7800
12955
1223
11116
2815
10775
8869
11063
7959
12670
716
4636
11457
14244
6986
6075
9469
12953
10581
3754
9624
2661
7550
7994
13776
14397
13341
8609
13483
7048
5965
403
828
12118
10508
8000
7225
1501
13706
13041
14415
6731
6998
5976
11956
12261
3205
7663
10237
12744
2966
2662
6558
2681
7801
13363
4752
5892
8647
7510
19
2586
3801
10322
7707
4780
8758
10239
11746
6966
2973
3123
2265
1199
8863
8230
9678
12518
7101
12477
8137
5538
2087
6518
10821
10292
1788
7100
10573
2887
10727
227
8224
13842
14218
9299
14140
8763
3761
2094
2587
1708
2015
12379
490
8791
1017
8061
13562
6820
14219
3734
11282
6373
431
6917
8476
7199
8667
12927
4092
2432
8690
13601
5011
11318
13338
9555
2223
2038
13731
13839
7389
12450
1483
10607
12939
4573
4252
7072
7834
7691
13049
9012
1587
13246
5936
497
13655
5142
12632
8281
5453
2628
548
14389
3957
558
3161
10420
877
7357
10914
9643
3130
3371
5580
154
7764
6732
6650
2278
13831
875
5914
3735
10284
2959
6895
9239
1603
4486
11241
867
1211
10683
440
5236
166
11400
9660
9929
5598
1614
13641
11971
5304
7296
6021
229
2110
4255
2625
9993
11451
7194
6490
13609
9884
3818
1034
6772
6808
10556
9700
4437
11038
11841
3582
7483
5318
4353
9928
3987
6293
2413
891
9825
5352
6053
12815
11478
10329
7735
8009
8652
7120
5127
8870
4495
8602
8381
10901
4739
3187
1333
2896
9747
11338
12293
9547
52
5576
8847
135
373
2734
8591
3917
1011
10844
12204
13057
9357
2623
7821
9216
6204
3708
10261
6232
12272
8865
2033
13493
4532
9905
4663
3321
10848
11796
4351
10279
8041
3949
12070
7112
10574
11459
10698
9941
2540
2338
5192
9594
9078
328
2246
5890
10713
7492
2946
13682
12726
8594
4999
73
8296
6164
12309
3114
8627
10215
2550
8069
2558
8663
1077
3712
4323
10975
14367
12157
13383
5548
13084
5151
12457
7995
3213
5362
8664
3554
1805
12202
2075
4167
6822
8927
9626
7113
11474
3874
4615
10871
11649
13773
5411
2541
14143
6221
8036
2554
8563
7252
1206
6984
11730
4373
8186
14523
5685
4746
6797
5336
4960
8612
8201
13083
13171
1174
11668
11531
11772
10392
1756
12025
14059
6217
7402
12259
5481
14410
6262
12101
9159
101
9294
11360
5067
12779
9480
2706
9459
1426
13281
12468
4223
1548
12578
8132
8320
8193
13531
6462
3783
854
10938
5092
7547
8974
8675
10436
8628
10540
2409
873
6553
12220
463
10357
5878
3039
456
927
13944
11385
11395
6426
9721
10430
7266
8933
6407
1564
12196
12636
7589
2286
8618
10616
959
8593
5000
10353
11517
4864
13352
9981
1816
10027
1436
6586
12891
2854
358
6314
7286
14206
9989
8773
5930
6220
3035
9418
8428
12246
9671
9395
3323
11001
6095
12890
14009
9628
5077
11450
11819
252
1229
12774
9388
7481
11642
7736
14113
11115
582
6835
11673
3520
4407
13316
11544
4454
11224
5137
10898
1718
11134
9561
11124
1632
4238
9797
8367
11000
3911
8706
10790
14120
13726
10062
4292
6576
3411
3160
8997
14305
10198
13092
362
12284
11160
7370
11471
6180
560
7277
4847
8970
6635
13859
763
7727
7263
4264
10467
4997
2955
1194
514
6548
10038
9806
6344
13402
951
2698
10381
3996
6028
8345
6404
4150
4468
6083
2563
5502
8838
2641
10369
11263
3510
4260
13659
5022
758
14450
6653
1143
11701
6992
2151
10541
5061
4371
5978
1107
4008
13991
257
3124
10111
9105
7724
3794
8914
3203
8767
5620
1741
3850
7518
8504
13645
11204
9983
5298
2883
7659
397
4049
4727
9916
2397
12997
6540
8078
9270
13405
11523
11044
11627
10091
5268
14275
1431
7745
118
11142
2992
14445
9999
11209
5820
5504
9144
6090
12588
4688
8511
10410
6235
12491
4306
2217
8580
1620
11123
40
7713
153
5121
4566
9605
14345
9140
10840
12162
4633
7431
4893
2210
12516
13583
11973
8658
8646
3593
2501
10073
8065
5350
5865
2789
11535
13550
977
2828
2953
5716
11088
10759
165
13475
9261
3376
308
8776
5641
8073
3578
11700
2818
13526
2352
8368
1961
8302
8821
64
4899
13229
9760
7812
2894
1019
13348
12351
10796
13458
2898
13724
8508
2235
1114
5753
12182
7927
2072
1397
3906
2439
14483
12100
3514
2685
10255
10096
14194
13954
13576
4754
11287
2534
6930
14124
3068
6264
6307
4185
9798
2442
12973
4508
5931
11136
6545
1747
8018
11024
11163
13244
6935
835
661
11229
12129
13063
8206
8457
5747
6500
12354
4590
12250
10056
5096
2665
10999
59
5147
13546
6975
465
1020
9716
4549
293
2048
8577
12945
8574
8567
2677
13845
5293
3624
13539
11273
8941
12241
4278
2331
3150
549
13929
7321
7928
2468
11852
12619
10143
14331
14328
13574
13930
13455
8716
164
3354
2640
6223
1158
9440
13739
6448
4958
9895
13124
7470
2292
12005
13563
6874
11781
6979
1506
4507
12075
11207
12367
9415
11843
5006
13435
2987
12686
2878
5627
5287
1682
4030
5416
5116
7314
5886
7850
12353
8913
4921
1923
4484
4368
6592
9742
13721
5107
515
5203
3697
12044
6096
1163
4000
10377
7395
10725
2964
11045
12452
7329
7755
1144
13815
10959
4795
10563
14082
11631
7473
6506
7342
7720
5596
2462
1031
5113
6406
12280
14484
9830
616
8985
3485
12413
5185
14173
4701
6087
92
1099
9053
7021
12318
1794
9488
9569
13197
41
3453
4062
3589
2577
10035
2404
4578
6985
3703
6010
9769
13856
365
3367
2215
14347
5680
11625
9526
2243
3128
14387
3508
12916
1313
7479
13872
14521
14050
6752
9877
5181
1716
14133
13235
12167
10648
9426
14109
1375
1055
8930
11550
12322
2147
13308
11704
1472
10032
12288
9727
9841
862
1844
2998
13245
2750
6632
5657
3829
6222
3940
7219
8468
14105
5708
11833
1812
6354
14182
9706
6815
7609
13616
11210
10587
12426
7098
4624
7792
7249
6902
363
5229
7230
12930
9824
11344
13337
2006
10668
14148
550
1307
7350
7093
4016
3451
8385
9060
5951
7245
5757
2143
3811
3857
1596
10751
7924
3471
106
6689
8243
5732
12078
11431
8858
1939
2345
14249
11925
2885
11638
1846
13779
13236
13571
4888
5313
5569
1203
2849
8769
13228
11007
2174
13766
5801
5850
8390
9511
290
9447
14299
5443
2713
10839
7343
1732
1674
4481
12396
7236
13606
9842
6092
6813
8163
14086
10426
4563
9281
2316
4055
1235
5783
11983
11298
3960
8668
11603
2844
2551
3815
6277
5260
3568
4362
9772
2207
402
1825
9883
3823
6054
1441
1657
10447
4719
11637
11862
12403
5633
8533
12876
5435
4946
10024
9572
7844
12613
11299
10892
1390
14323
3356
6324
6178
433
679
3427
4882
2471
11093
13569
6237
2008
468
12369
5497
11597
7774
299
12623
32
3339
9431
6331
9424
2922
9614
4164
149
14107
4109
9740
8519
9383
7447
6412
10169
12464
9437
3017
12898
5543
4182
11663
7557
1926
185
7043
10301
12540
8641
6746
10850
9061
9767
12746
2944
11497
10687
1096
4112
5284
5692
5723
9129
3194
9491
3989
472
8723
7437
10808
1412
13743
6957
9855
10956
14337
3233
12626
3963
7435
8507
7052
1798
12981
4121
10229
6497
14067
7409
1410
6597
10319
5282
5696
3169
5310
12393
5319
9631
9789
5813
1616
8732
5794
6742
3054
2426
2770
13060
5881
5632
2489
10165
151
5613
12345
5989
4805
9326
5689
12703
11677
1967
2196
4815
4463
13860
2499
13128
12485
7631
2736
12487
14502
5208
12888
8469
14315
3939
10242
2378
13033
11085
188
2433
5998
241
6844
6131
13112
13843
228
2515
12690
11245
11096
12525
7721
4203
14033
13523
1308
5921
267
12882
3679
1712
12032
2974
2529
13833
5693
3307
8246
12146
11367
10250
3015
12350
1369
13558
9552
11869
13325
10614
10772
7723
3553
4449
1183
7102
5228
12133
7081
13798
4890
10375
6156
11198
1763
5027
12538
6926
7065
7004
4967
11607
967
13101
6562
954
2615
4220
6029
9998
6629
49
14334
6379
507
5162
1836
4027
831
3186
6238
3322
13409
14139
1719
3727
13720
1044
10267
1545
8344
10731
6311
5854
9191
575
5738
12875
11744
8806
11308
8261
4489
2794
7704
5159
8200
12838
3273
6733
13260
8586
408
1885
13118
4488
10075
13960
5204
8746
12674
10016
13799
6458
3282
6115
5759
9349
13705
10985
8741
14336
7115
2491
7349
7524
971
13393
6169
9196
4909
12017
8444
14539
13479
2219
6723
11737
7393
10004
14373
11173
8184
14388
8456
6104
13065
795
5456
5522
10496
5300
9988
830
11374
6455
12458
6567
4037
10115
3271
12382
10366
1474
11407
11049
10891
7373
7399
9715
3682
1755
4233
3480
13087
364
11434
6804
8755
6371
9379
4019
2592
12729
9182
14375
1261
3587
5305
14288
2262
13640
11084
8500
4063
9221
13672
7362
10428
1859
9948
7222
12212
8808
12820
13221
9042
1951
4235
430
7364
7528
8004
8168
13434
8917
12107
13915
12860
11066
9629
10403
12564
1172
12399
3251
6358
3642
486
13625
5125
5008
8192
8154
3561
5431
5188
820
4898
785
13375
8708
45
10928
1324
10018
4570
6363
12072
10865
3858
1999
1773
3579
14072
13421
9925
8197
4710
4862
4395
3076
2905
6125
921
1272
13453
6569
1677
5215
11199
11655
10875
2949
11303
159
7586
5010
2672
2481
3668
9442
2877
7908
7242
310
2775
5533
12873
12235
6862
8354
9597
708
12158
9293
4458
14013
7453
1458
14245
6524
5762
3210
90
14152
5359
13737
26
6637
10136
9247
12039
11645
6800
9153
10895
13022
538
1233
10238
8311
9194
1613
14192
295
13265
6445
8205
7460
5919
5625
5227
5320
7198
1142
1496
11419
7671
4392
2696
13466
12087
9225
2532
9450
5488
11622
14355
12247
6162
5256
7743
8400
36
567
479
8942
2517
3720
8583
2381
4212
5417
3077
1988
11942
3886
2299
5619
14454
13567
1415
13785
6205
6471
1957
8757
8035
12114
1515
276
13356
11284
5665
9320
10960
2678
10425
13614
4469
3617
9923
14115
208
7964
2216
1371
5877
13631
4384
5487
11418
1981
1989
5577
1139
12449
14042
4740
5848
6784
14443
3837
2026
12611
7317
10226
10943
4598
12717
14062
651
11537
6572
905
345
6027
14399
11310
4172
4856
8330
7164
9862
2476
2446
9959
5902
6008
8505
1167
11332
7413
5705
3250
6880
7497
2902
4790
14518
4010
7426
2311
3378
5667
9152
3863
13587
9295
6736
1008
1450
2941
11933
10893
3457
8239
1683
7750
8833
10043
389
4374
6309
11879
2340
10904
3482
6943
3163
2607
12654
10013
7471
6255
10519
13633
7383
11812
2005
9819
2317
7851
8770
2336
24
1475
6513
283
7552
14444
6154
4372
12040
3151
13486
2467
13081
12024
6353
10677
3208
2464
6152
6472
13163
14499
7845
13990
2032
12071
14020
8008
1560
11375
11999
12857
1933
1265
318
4680
5494
2553
13131
4138
1921
13540
7712
8492
3353
9893
12368
4828
7424
6410
11472
12268
6035
4904
9002
6870
14506
6551
9917
6605
911
7600
13373
9300
3955
5299
9494
9662
14227
14136
6209
14008
1429
14403
3442
840
12625
4272
599
6758
6312
6298
4577
2131
1012
122
12140
3196
11658
13646
9066
14481
7674
8093
5269
9425
8483
2544
9828
10256
5715
11132
7637
12736
10905
13823
1553
13745
7050
3008
11031
11524
6889
9850
10962
9390
5241
4034
10134
4950
5095
207
2049
11948
4050
4606
3729
8893
6208
4424
11739
3112
7810
12915
11247
11058
2923
13841
10777
12603
13561
11227
4829
5461
1493
13749
9407
1074
4038
1854
4859
10608
13857
9780
7088
7602
2520
6859
9358
1831
9773
3538
3403
3925
2806
6579
12483
12176
990
6132
11914
9804
14255
12559
1711
12451
11439
11657
14214
10780
6648
3958
10770
3463
12410
4036
4723
6609
11844
11269
11643
10696
1809
5996
9897
1654
2148
9001
2805
3423
12149
5754
1104
13311
752
8426
11745
2870
7841
9057
4320
14265
3200
2804
8435
12599
7615
11250
1512
9575
12604
2579
3844
6460
1094
3043
12569
11416
11895
13291
2725
7488
2483
1470
9911
9315
6177
78
12038
10311
10007
457
474
10752
846
606
8394
260
4191
4445
8399
2001
4762
10441
9218
4987
11803
10498
13901
1728
9815
4179
13770
10575
1783
7622
1000
5541
13836
5687
1959
5132
192
842
1669
11240
3052
3760
5235
5213
10197
8502
7856
3037
6453
3283
4189
3306
11403
12855
4446
14463
5734
3658
783
10537
7417
4575
570
9341
13893
1814
8020
6421
3926
13532
6273
2164
9953
9749
4388
9487
4175
10059
4596
11944
14166
381
14470
13390
13959
5932
1793
4410
485
3359
10259
9899
11587
11185
10870
5709
8140
4243
13443
10149
6934
9874
5699
767
7468
8598
11967
13497
2723
10672
1305
2799
1801
8225
4076
406
11476
37
2956
4418
8002
7513
1054
1965
1125
5193
9556
4518
9792
7796
12177
1491
2359
14516
7706
9708
10324
8952
232
2822
5819
5574
8401
2310
1678
6194
14022
7401
2516
8023
10968
533
9275
12501
12297
5874
6762
8177
1349
3005
13173
6505
13759
6450
8856
10656
7151
10857
13577
1723
6779
6622
1001
11178
10074
1404
6343
6198
10509
702
4906
521
2988
9190
14425
11670
1703
7013
5377
8272
2531
12308
5679
4141
3547
3415
4433
703
7891
5119
968
2881
14455
13955
4088
3025
2086
9805
1124
1123
10358
13780
10989
13318
12479
5080
7961
6316
8783
4905
1455
8551
9273
8951
3931
2892
8525
4929
2447
7687
200
1247
2831
1067
6995
11441
9571
9477
11840
13269
10942
11341
432
8736
10733
11208
2465
7352
326
3031
7811
7455
3368
1751
11898
12669
14071
1797
14376
12339
747
13740
5760
5474
13198
1346
8096
1016
10323
12638
3862
10542
7157
7152
10021
7467
13979
13888
417
10083
4749
411
337
14163
7011
973
4631
133
9335
4089
14261
5945
13036
13129
6721
7201
11694
5513
12526
3645
9091
8665
1670
163
9468
13322
25
10386
10397
5771
10396
8092
1629
7047
4325
1487
9219
5668
10948
9369
13619
10504
9286
1298
1452
13385
329
13941
10691
13414
6718
10346
3584
10273
12290
12667
1667
10820
6432
2395
3775
7410
10456
12740
7037
2201
1112
4939
14532
12966
9954
3095
10068
965
2690
1086
10692
5154
9788
918
12752
5074
626
5581
7436
9404
2212
6607
2970
8972
10944
7246
12166
12581
13231
6136
11628
6381
8834
1119
3809
12639
949
7239
8802
3204
11539
3038
11679
11033
12635
14431
6621
5926
1736
6570
11048
7972
5769
5238
12490
9280
1128
3914
12892
13947
6608
6202
10806
2700
6877
3181
7133
6750
7564
491
2289
1437
12134
3235
9199
11779
4496
12627
3324
12476
11078
12189
9245
8761
12713
9381
1684
4552
746
11626
13638
2570
14159
5115
376
3606
5210
13551
336
8807
8796
11689
10022
2659
8622
10164
12874
14127
4972
3357
12661
5554
10349
5534
6425
5373
7202
7001
5109
9332
1917
8461
11190
3064
1228
4457
10930
4659
4871
12817
5117
6368
12002
10513
3543
12319
2438
5018
764
7339
878
4326
5982
12175
12438
1169
3763
9509
4440
14128
8453
7229
1325
4361
10585
3014
10829
1010
6073
3527
6056
2169
9510
4536
9533
5638
1610
13819
3178
9562
1985
1569
1826
8095
1492
3012
4234
12528
4476
7791
9210
1191
8290
9197
8150
10735
9142
4202
9229
3503
2241
2890
11608
10671
4807
8124
14130
10750
10534
2342
2003
7283
8282
12885
5525
1777
7808
7322
2498
3525
3148
10719
8603
5821
5590
6749
2601
7253
12859
7823
7064
2077
9753
4303
1382
13988
3736
6515
335
6231
7018
10889
11641
2018
12982
10988
4058
768
3446
8634
14125
11065
298
2638
5588
3407
4911
12901
13555
13512
11821
2798
9198
5670
3603
2375
11358
4156
9298
5700
1894
4359
6886
6971
3382
14422
2325
2617
8195
3051
14188
1258
10757
9287
312
11659
12400
8077
14036
2754
6773
12412
3093
8059
3849
9233
12960
2370
11945
5744
6767
9986
12010
5261
10612
9361
8549
6568
1950
9711
12273
8811
6122
268
10535
7208
10749
4133
2214
11799
3111
2573
2569
9460
11788
11154
5710
3691
1477
5511
10085
2729
10596
6325
8071
1177
2721
11547
4833
10495
6014
8695
11055
13751
4830
3192
5337
14284
3748
3477
4258
3050
9451
10157
2632
1322
7454
4726
12896
8331
9496
11570
3279
13256
2039
7889
9071
8006
12343
12505
3715
4534
8113
8306
4090
540
12552
12868
3860
4910
1713
9092
13932
8166
10339
2475
12598
11130
9254
3492
7854
12808
10005
2735
5311
1547
110
5609
13840
10644
6133
9081
916
788
9900
9228
7657
6055
9493
5055
4213
7190
2263
713
5916
7884
8887
13113
13038
14118
9253
1913
5558
2273
12590
94
1557
12082
7505
4855
3662
4137
10418
9853
14053
1531
10077
2495
4994
4704
4158
13342
6288
11808
12609
4084
2346
1342
9695
1576
5047
1511
3267
8409
7899
12530
10011
980
937
2683
6654
9809
9775
1915
10300
14141
8363
7306
2773
3598
13757
2114
12137
5223
7259
9822
10890
2443
3380
7320
12394
3744
3700
12964
5291
3326
13262
7452
9344
6701
7003
3611
4420
2044
4471
3400
7260
5338
3803
10320
8289
2104
2127
4064
11453
14307
2595
13159
6810
10262
6134
2817
11528
8356
2911
4427
5818
2962
9240
12095
1278
736
10286
623
2759
4881
2567
604
4984
4635
13824
11076
2933
11735
10553
4757
2900
1687
7134
8045
6785
4227
9600
12742
934
1775
12917
1227
3913
10654
1765
7554
1650
7089
11206
12830
12435
5651
8211
1003
8800
8231
4107
4354
3704
14317
14104
1379
4157
11682
12646
6646
11432
1869
6725
8565
5962
3947
4962
8122
7360
1026
1976
10699
1196
8438
2052
388
1676
6541
848
4426
1069
10552
5174
12780
4932
10799
12749
12480
14486
150
13885
11683
8725
13681
13937
3441
10549
6997
4221
5040
8779
6737
13111
9274
6905
13184
10736
4032
12971
5728
5871
11771
1597
10506
8531
674
8879
10738
8164
10442
4039
2826
3245
2899
9408
14045
6636
13800
5414
5133
4491
9423
4317
13156
7866
11300
10916
4329
3836
6531
13303
809
10929
13255
4308
3532
11254
13468
12064
11075
14154
3086
14116
849
10641
7987
14467
3135
2004
4262
5970
103
9244
3883
2429
2684
4938
7545
718
7403
1524
11104
8943
396
7226
12718
6165
1461
5438
7618
87
14252
1073
10163
8910
4698
10174
11600
3594
8760
174
7830
12594
10182
6968
5875
7416
9054
14092
6291
6801
14405
10063
4139
10274
11101
3229
8284
1518
11346
10507
3070
12870
10285
14432
9040
6414
12931
5356
9673
11054
12864
5124
1878
8445
9107
8202
7227
6350
3678
10142
3287
10966
3564
5432
3791
13769
6302
1911
2819
7943
847
7171
7059
4310
6988
6044
10744
10493
5367
199
2627
12106
5230
7835
4576
3590
1339
10471
7798
14269
7991
7761
10766
9648
9502
12472
9651
13925
11684
11193
12566
2701
3915
884
14318
2307
9329
2938
7998
9059
10437
301
7676
7041
8440
13201
10489
9207
3105
4336
13522
12160
5682
4696
7953
7438
13817
806
2326
8875
14508
11106
6228
11888
1651
12715
13742
10449
6025
5517
3331
12772
13472
2249
5498
7040
306
1804
6672
4693
3675
5415
12398
8788
14418
8904
8912
3234
12110
10994
10590
4809
3125
9363
4232
7398
10864
3999
7451
3259
9226
6691
11437
3521
1160
6385
11396
2384
13501
7007
10707
1401
3116
23
5292
3278
4936
12842
4572
13196
5173
2323
8978
13382
3332
5290
1573
7540
1188
14199
7359
6411
4291
10693
3882
3602
6352
1063
3618
10253
704
2502
2313
9684
7010
13566
4132
2076
11277
5374
11842
1147
11288
9143
5516
10885
9699
14408
1423
3179
14452
4452
1594
2996
9443
4800
988
2368
7096
12104
1466
13298
12666
8666
2469
1400
742
7766
9220
3474
246
4884
10748
4110
5243
4472
12697
1037
8365
9835
5392
10874
4085
1707
1448
10941
1705
5131
6374
7209
8698
13372
9523
12558
5643
8074
3334
1293
12097
8283
5024
9160
7747
10479
4312
5896
6713
12242
175
13170
1689
6334
2897
3006
6318
3592
3650
7836
7803
1024
378
11814
5086
4977
13365
7538
6521
9074
9145
2707
2065
10359
1544
11890
2838
7078
841
3537
11351
6093
10851
12853
12958
6593
9279
6188
2864
11143
3755
10911
8633
4394
7400
6260
711
6449
14321
2742
9213
844
12519
11272
9243
8782
914
2019
12575
5014
12652
6769
1643
14495
5507
1924
6848
10170
5033
995
2145
13047
5940
631
9249
7220
6642
5273
251
5772
4640
9359
11756
13410
11113
2958
9047
14012
3191
8694
4818
800
7418
12456
13718
14217
3071
2362
2852
11342
10983
1758
10008
13025
3614
11733
8260
10987
2530
8466
2415
6443
2774
11372
12113
9964
13677
3912
5628
8540
5079
856
10117
2584
10107
6094
3227
11120
3672
9495
11232
10097
3308
2276
6370
5825
11355
7990
2779
7042
6730
571
10394
7374
6429
4226
5143
12905
7347
12720
5960
8277
3731
7879
5130
13992
3449
14301
3986
13620
3224
2526
2233
5503
7308
12287
14503
9534
8864
291
9490
5450
9515
12062
6398
12983
1232
2907
1236
8155
6011
5519
2778
13530
13989
603
10771
3770
4934
3302
4240
7978
8515
4319
4487
169
13381
2387
12735
13914
12065
2967
13003
12492
7385
8948
4464
13926
6872
986
2732
1855
6474
8107
5573
4811
212
4499
10868
4792
1480
907
5695
54
11566
8967
14468
979
3647
9537
3288
7596
1803
11249
668
6537
8905
14534
12756
12447
11798
13457
11151
1837
8712
8828
4630
9844
4435
12878
9976
8596
5562
1473
6172
10368
10921
2074
3218
453
8957
1668
11656
1601
3526
7433
13652
8142
14526
2674
8860
8538
2126
11027
7166
808
13868
4750
13938
14330
3546
8147
9664
13283
4865
5862
10797
6704
13327
1064
7582
10427
9485
10632
7116
4711
12415
3498
5836
11979
1830
8146
3966
2140
10545
11855
3284
5493
9829
4173
5253
3171
912
1880
12677
7948
9770
4677
13611
3412
721
61
4511
9052
11968
4467
4907
3349
11039
11326
4686
3263
3335
5832
2918
2343
8713
4443
12523
1706
13154
12918
9414
420
9231
13329
2372
5985
2365
4541
12911
12445
3893
9744
3467
10201
11313
12128
10451
9172
6468
14423
11647
5688
12155
96
9258
14325
4649
1993
6647
3995
7686
8013
9277
11221
12116
4943
13297
3274
2507
6941
8527
10936
9389
11293
4981
12237
7270
7223
9882
11047
6847
9050
738
1276
9679
12145
10778
904
1287
8213
6427
5552
9703
11721
11731
8038
12554
410
3625
7627
7926
2424
5737
11765
6606
5163
2868
7274
12277
5020
585
11041
9655
12544
72
3483
1275
4510
12572
4501
11863
6999
871
4378
2271
1935
7988
6416
3548
10734
13
12123
11314
10704
834
3069
9435
4269
10951
11875
10187
9612
7832
7192
13179
5658
10376
6523
13451
1259
9309
650
14441
9259
10306
11384
7563
12303
10710
7529
10313
13423
14281
543
14451
13949
2935
11021
6832
723
8326
13733
11433
13122
10529
13145
7169
4837
11017
4651
8813
3342
4751
0
8329
8253
10660
2269
11485
5179
7548
12390
7567
10241
5524
7012
5677
1784
4694
10518
2983
10100
8845
11520
1042
11813
8447
5368
13026
1057
6158
7441
3436
6101
6641
12655
14260
11820
11430
14017
258
2924
8053
14180
4046
4028
3509
13034
6611
9484
1833
2237
3821
8704
12651
2123
4447
12349
10039
776
12664
12080
7820
7114
404
3586
14005
13629
13656
1243
5901
11363
2952
9313
6020
4869
9151
4381
8353
1696
4480
8599
9065
14021
11201
11187
5402
9670
12536
13082
5129
939
3574
1925
8496
10385
8118
7539
191
10444
6559
1992
9165
2972
3833
6967
11183
2930
2221
6909
12580
11654
2795
1534
7024
12362
7848
5166
11891
383
8314
14038
2152
3694
9391
5023
177
10934
5868
14239
4896
11955
3557
8309
8180
553
10845
10248
11960
1200
3732
3805
4128
314
8909
14332
2189
13445
2572
6160
6022
11100
7799
5184
14058
12766
11568
1138
11094
11510
12517
11280
9701
8820
1877
5508
3081
10272
11856
816
3885
10023
3859
13301
11717
10455
5816
8543
2422
9022
7111
8432
10594
7860
2185
5535
3948
10624
3175
6118
7822
9777
11965
2800
5991
5386
10653
1368
324
7386
5399
5036
10753
11705
2860
5391
2089
3419
10601
7709
2655
9973
6493
12054
1644
11599
12266
9067
13263
6195
7002
6308
12198
3693
5634
8343
6332
8403
12084
811
11108
8386
1730
13865
1796
44
202
6747
3676
663
4224
13442
10880
3377
6836
10945
14515
12346
4891
11146
10755
625
5332
7213
9367
12132
1166
14121
5987
6199
12957
5809
5586
6286
1
14446
11595
4990
11953
12375
12783
11916
3136
11811
3231
3211
11083
887
13194
5170
8532
12970
6931
9467
3046
1779
9539
1314
13596
10609
8148
5035
4241
7255
5539
3464
145
13774
6393
11629
14316
7684
2593
377
12660
2513
178
6211
843
7381
4966
7797
8778
14426
1332
593
5030
14437
478
8328
12681
6643
160
12565
1806
3223
3466
9714
5164
401
14041
11525
902
2016
6106
8688
13140
2220
7506
13215
2571
3293
10611
6060
769
14274
8161
12454
12965
2989
3569
9580
13441
3902
7355
3454
300
2205
8561
11167
13684
1156
10020
12122
5081
9997
5986
8513
7193
8826
12614
11378
10257
1004
13334
11445
7128
7628
4093
7788
5781
5610
944
5272
6396
7923
10584
9497
8391
8178
510
13207
9516
13628
12338
8994
740
8439
14026
4406
12217
1145
6250
13464
7519
2917
13331
13157
1320
379
11937
7846
311
12171
5089
664
9461
10580
3440
12271
5834
681
10536
13353
1641
7717
12484
12274
13202
3024
3784
13251
8874
6229
5413
10957
13450
11592
3796
8493
8003
1811
11234
13396
4629
11029
11593
11981
2280
14240
12531
13709
824
7772
2926
7344
7080
14235
1157
7688
95
7061
4398
3934
495
14533
1940
13446
4473
580
425
7970
12482
8489
1002
10331
5500
13138
11848
5316
12028
3139
11725
459
9018
13664
7299
4176
2393
8805
2043
13864
13391
601
896
1571
12798
9271
9471
10714
1513
9507
8181
13627
8771
10717
13588
1464
14294
1246
8831
10086
3
16
8747
3596
8715
3142
1025
4024
11854
1906
928
1257
11356
13232
80
17
1176
123
12895
273
3420
547
14350
1459
2379
4193
1323
5787
4735
13015
10167
13814
13148
1127
4444
5928
503
12923
4403
8721
3473
7949
13370
632
14001
3007
7083
587
10973
2000
9990
7732
12453
13917
12047
14209
7044
1237
3730
11340
3792
1892
13506
2886
1704
8578
8223
4124
6032
10701
3620
5433
4073
4456
9413
1425
2630
10918
11191
6575
13867
11034
2609
11727
4129
14511
14171
7714
3202
12608
7794
8128
7333
9887
6561
11560
13511
2353
948
8332
894
5427
9898
3237
4087
3866
4130
3530
14314
7645
9217
1941
14379
13934
9821
11972
11507
9033
2400
2635
413
559
620
11231
14475
5140
5064
9776
11292
10576
9960
11176
10065
3531
12142
12903
102
9051
5897
8555
1630
8062
9470
9647
9338
597
9238
1867
5178
12127
11533
6360
1655
11202
13794
435
2699
535
12076
757
1774
3649
14509
6555
11950
9356
4382
6981
6946
7337
12043
1022
5999
12276
9554
2648
6956
4360
1760
4574
8212
14010
1998
10740
8730
2197
3797
3929
3028
10525
9764
12881
9138
13689
13169
499
9500
10849
4721
12430
10756
3016
1822
555
692
2908
5542
1633
10289
13074
442
9736
11165
4812
380
9069
7477
10252
1505
5063
11964
3499
13120
3789
13066
8388
11921
12503
1578
8940
8001
10304
2861
6369
1725
1337
7778
7432
8339
1754
4422
4127
8292
13610
7861
12644
1582
11874
9448
1032
13791
9430
6972
1912
5528
10909
3022
6210
8274
7571
1660
2784
2194
13339
12495
12509
4146
11664
4396
2519
10722
12407
2047
2097
14153
11498
2454
1006
10124
12573
1178
3573
14114
6845
10502
1899
4515
6272
4405
6919
9122
13529
10033
9926
1190
1106
1035
4102
11893
12684
12706
11147
14326
8740
10050
2840
11728
2106
111
10131
7710
6173
12583
9995
5275
1456
8172
12348
1995
12620
1462
2232
6852
12650
10145
7933
1947
8570
7902
7017
10278
4523
13838
11776
9400
13019
3141
3626
11325
2494
11289
6030
4718
6600
6257
697
10122
4516
4505
13008
9851
10819
3137
11546
7106
10708
4664
11012
11397
10787
11320
14429
3127
1208
8480
12978
2444
11389
12936
13324
734
10526
8999
127
12004
7076
5306
2254
6002
8984
3541
3827
7849
864
14101
5605
5990
6965
3739
12443
583
8060
11139
11697
9017
12778
7893
11754
2186
12227
1080
8232
8697
1604
14401
11002
7129
9049
6440
10795
10483
3318
2305
323
10559
7930
10150
10681
9951
3638
7633
13058
8429
11723
8922
8889
13051
8102
7878
8606
11583
9644
13661
274
4198
2739
7892
8855
1398
4315
9619
3814
542
8573
4791
53
13589
12236
7275
5642
3350
7855
6159
6549
827
9974
615
10543
5001
4302
8293
13694
4007
5365
7603
3808
1105
2195
7925
13306
12328
2614
10224
8918
2842
12027
14223
6867
5053
11667
242
14320
7577
5939
13420
9272
7170
6789
10102
14343
8921
13787
13020
6912
69
5191
4952
6914
5847
9345
3690
14221
6706
8247
6017
9347
9761
10067
9759
6399
13239
12507
6677
5220
3609
1409
12985
12363
8152
6819
12214
5403
3766
2282
2161
11295
3660
1315
9910
1956
436
5422
12846
1500
7414
10670
8717
14477
11851
12079
5161
12537
1918
8371
12877
1851
1848
12589
11847
7574
8720
2296
3517
4059
7711
7576
11904
6925
1609
8143
2978
14535
12411
6525
2113
13835
13974
11266
2120
536
5941
14112
1675
12804
3034
780
8512
10784
1321
14070
11018
7173
14122
13953
11383
12880
12262
1686
5357
10952
9180
7475
7718
7049
10628
3238
2656
5025
1540
10316
5527
13607
8463
4503
8119
10627
8175
2111
11505
1541
8768
9590
8946
270
14360
14471
4366
7323
22
12257
5790
10484
303
9886
4728
12434
11011
8894
6437
7425
8571
12920
6595
14421
3232
2851
11777
1663
126
12009
13214
5085
10180
5646
4519
2435
452
4702
9319
2488
1533
11162
12383
3385
11549
7287
2803
8949
3621
9394
1216
10639
12320
9738
5233
3900
386
850
107
7614
10669
9184
2272
7009
1098
6671
12136
11348
8809
10340
2994
5597
7979
4732
11807
9606
13763
7888
6727
11995
5452
11872
9734
14504
1838
12183
9410
2702
9743
6071
4957
8312
14430
10135
10128
7484
14513
10126
2202
10992
9486
8044
6446
10051
1860
3413
1752
12835
5785
10633
11886
11492
11536
14285
6347
4324
3003
6743
11738
421
6391
13321
8486
6963
3060
12361
12781
6940
3971
6508
6117
10477
13923
11423
4614
797
4263
6007
9462
5652
7204
2604
7057
6375
4687
10343
8526
12539
10025
11795
5058
13484
12384
1301
12342
12001
10234
2527
5947
9818
6828
5381
6924
518
11242
10337
11267
3168
8254
6821
3079
12015
7341
11708
1813
10130
947
5746
14213
7122
699
9409
7278
12800
12912
7829
4332
5049
11415
5207
7636
8171
5571
6863
8636
9676
1253
13014
2743
7664
5663
1858
7027
1502
4915
5051
9267
6163
14300
9540
5120
4333
130
6864
10334
3706
10213
12919
12816
3126
12587
11170
11246
8693
10882
13226
5103
6062
12829
8
5345
6124
642
1640
890
11676
9263
14046
4646
532
4098
9930
14525
350
4207
7634
13803
4273
5285
1028
14278
12520
12286
12754
659
9512
9260
3979
2596
13205
7158
12215
4494
4214
1269
4343
1376
9657
8446
12098
1244
3978
8294
5186
1619
12051
14256
10297
6219
13274
13778
9021
874
6564
6501
11409
10830
3226
7422
9955
3822
5052
10779
6139
13176
12791
2611
3414
3671
6077
3577
10828
4248
2981
9457
2715
13399
9847
4154
3990
4858
3243
11461
7377
3923
3487
11235
7247
10866
4160
1893
2386
1460
12475
8244
2971
5869
12634
7178
4288
10946
14382
7035
11512
11135
12191
10903
1013
7862
8642
6491
13279
11907
3757
13685
7722
7595
12370
5961
14457
6814
12951
6424
10578
13275
1932
13765
7863
4840
3871
3461
11097
10912
4068
10947
14216
6329
2581
5629
12258
12535
7187
10129
5038
13503
2691
4658
4784
8553
7946
6663
5348
12108
8099
5410
1590
10487
5983
9564
8901
1351
7155
8433
2777
14424
9266
5612
8878
1485
1202
13182
10853
13021
2423
12547
4350
5307
6300
13969
11043
3616
7092
8738
12240
728
801
3447
741
12522
2552
14453
2599
5707
3347
8554
9574
1442
12593
1936
3254
10121
4527
11685
641
3637
11216
8449
1355
13818
10709
11239
11107
9557
3122
81
925
8182
9305
13371
14304
6907
11494
12194
4429
7666
11333
5842
10940
9894
1131
1516
1290
8655
5607
1748
6817
5835
581
12722
5097
6340
3424
7877
1481
11225
2360
4413
4205
12387
11009
6978
12018
11413
2330
5515
1996
8928
3505
2027
5196
10809
6590
1071
4228
6837
4411
14234
5544
3556
1631
12534
3565
7038
876
9720
2333
8465
1532
1226
3742
4565
5972
6556
2855
7651
1697
805
11194
13333
77
10551
11393
4737
3023
10315
2643
6001
12006
13158
14296
4393
5375
5255
74
13687
4044
11702
14529
9583
9528
12822
10716
5570
13909
8837
5639
14176
4947
10501
147
12388
2929
6682
4542
8823
10139
14406
5423
10650
10568
6599
13527
9429
6290
7825
6390
8430
1453
11102
12185
4673
4270
14248
11144
369
554
4582
4533
13009
4100
11312
3369
12200
12807
13717
4789
7824
11118
10211
10730
6193
11757
3800
8187
12099
5346
7179
4352
6378
3522
428
8812
12008
2374
13491
11261
8931
8010
10212
11609
6584
802
6638
5364
1743
14102
9446
5093
6948
4681
11405
11825
5245
4021
11306
4018
8303
9173
12515
5556
719
7180
11008
10642
4897
13692
13452
9075
4916
9826
13935
10006
11309
1768
13549
10700
9649
3879
2158
6534
8988
7527
11786
9106
5880
14364
5412
7584
11541
8681
307
9661
8406
952
13461
12545
13448
484
10984
9978
9779
13125
13086
2141
13289
4894
12937
12775
4540
4194
7828
5973
3309
2827
219
5859
6484
4591
4003
125
3002
9035
2452
11098
3348
2084
11486
13200
9810
5547
2190
3977
7117
1134
3481
1522
1056
7207
1991
4810
14501
655
13369
5733
1372
13837
4806
183
11836
11456
4634
5371
9550
7126
9149
11278
837
1592
120
6897
11275
6111
8042
13853
7071
1129
4448
13961
5636
590
2686
5616
14061
2787
30
2013
2947
1914
8657
11870
561
12533
