32768
32770
32771
32774
32775
65542
9
32778
11
65543
32781
65548
32784
17
32785
65555
32788
32790
32796
32799
32800
32801
32802
35
32803
37
38
65570
65580
32813
65584
49
65585
52
55
65591
32825
32826
65595
65597
62
32831
32833
65601
68
65605
72
73
32840
65612
77
78
32847
32848
84
86
32854
32857
65625
65626
92
65628
65630
95
65633
32866
65637
102
103
65638
105
108
112
32880
65649
115
117
32885
65654
32888
121
122
123
124
32892
65656
65657
32896
65658
32900
65669
135
65671
32905
65673
142
145
32914
32915
65681
32918
65686
32921
155
156
32924
65693
161
163
164
165
167
32935
170
65708
175
65713
179
32949
32951
65719
185
65721
65722
188
189
65723
191
65725
32961
32966
32967
200
202
205
32973
65742
65744
65748
65749
32982
32984
32987
221
32989
224
32994
65763
229
32998
231
65767
65772
238
65775
242
33010
247
33016
33024
65792
33029
33031
65799
266
65802
33037
65806
273
33042
65815
33048
281
65816
283
33051
65818
65821
290
33063
65834
33068
301
308
65845
310
33078
314
316
33085
33096
329
33098
65865
33100
65869
65871
33105
33107
65877
33113
351
33120
354
356
65899
33132
65900
33134
368
33136
65904
33139
65905
65907
374
375
33144
65912
378
33147
65914
65916
33150
65918
33153
386
33154
33155
65925
394
65932
397
398
33166
33168
65937
65939
33173
406
65943
409
410
412
65949
33184
418
65955
65956
65959
424
33192
33197
65965
432
434
435
65972
438
65974
33208
442
33211
447
33218
65986
65987
33223
456
65991
65992
459
460
461
33228
65995
33234
469
33239
66009
66010
476
478
33247
66016
66020
66022
33256
489
66027
33262
498
499
33266
33269
33270
505
33273
33274
33275
66044
510
66046
33280
516
66052
518
33286
66055
66056
523
33292
66059
527
33296
66064
66066
531
33300
66067
66068
535
66069
537
33305
539
33307
66071
542
33310
66074
545
33316
549
33320
66088
556
557
558
33325
560
66095
562
66099
66101
33334
33338
571
33340
573
66110
33343
33344
66113
33348
583
33351
33353
586
66120
589
590
66125
66130
33364
33365
66132
600
602
33370
33371
33378
33379
617
66153
66154
66157
623
33391
66162
66163
632
33401
634
66169
637
638
33405
66174
66177
66178
66179
66185
33418
66187
653
66190
658
33427
663
665
66202
668
669
670
66206
33441
674
33442
66210
66212
678
680
33450
33451
66220
66221
687
690
691
66226
33461
697
699
701
33471
66240
706
708
710
711
712
713
33478
33482
66254
66256
721
33489
723
724
33491
33492
33494
66258
729
731
732
733
735
33503
737
66271
66273
740
33508
66275
66277
33512
33516
753
754
66290
756
760
33528
762
764
765
33534
767
66301
66308
66309
774
33542
776
33545
66310
33547
780
784
33552
66322
33555
66324
66328
33561
798
66335
801
33570
66342
811
66349
815
818
33586
33587
66354
66357
826
33598
66369
835
837
839
840
33607
33617
850
33621
854
861
33629
66397
865
868
66404
870
66406
33640
874
875
876
66411
66412
66413
882
66418
66422
66425
66426
33659
894
895
66431
66432
33668
901
33669
33671
66436
66442
66443
33676
909
33678
66447
33681
33682
66451
66452
918
919
920
66458
924
33692
926
33694
33695
929
33696
33697
33700
66468
934
66472
937
33706
939
33707
66474
942
33710
66476
945
946
66480
33716
949
33717
66481
953
66489
66490
956
33725
33726
66494
961
66498
66499
964
66500
66503
974
33743
33745
66513
979
33750
66518
33757
33759
993
33761
66529
33765
66534
66535
1001
1002
33770
1004
33771
66541
1007
66543
66544
1013
66549
1015
1016
33784
66550
66553
1020
33788
33795
1028
1030
33798
33799
1034
33802
66573
1040
33809
66578
1043
1044
66579
33814
1047
66580
66582
1053
1054
33824
33825
33826
66592
1061
1062
66599
1064
33834
33837
66605
66607
33841
1074
33842
1078
1080
66616
66620
33853
66622
33855
33856
33857
33858
33860
1093
66629
33863
33865
66634
33867
1102
66638
1104
1105
33874
33875
66639
66640
66644
66647
33882
1115
1116
33883
1119
66655
1121
33894
33896
33898
66666
33900
66670
33904
66673
66676
1141
1143
33914
1147
33915
1151
33919
1153
33921
1155
66692
33925
33926
33927
66697
33931
33934
33936
1170
33938
66708
1174
66711
66712
1177
66715
66716
66719
33953
66722
1188
33956
33957
33959
1195
1197
33967
33968
1203
1207
1208
66744
1210
66747
33980
33981
66751
33986
1220
33988
33992
1227
66763
66765
33998
33999
34004
1237
34005
66772
66776
66778
1243
34014
34015
66782
66783
1250
34021
66793
34027
66795
34029
66796
66799
66800
1265
34035
66803
1269
34037
66804
66805
66808
34042
34043
34044
34046
66814
34051
34054
66823
34057
34058
1291
34062
34066
34071
1307
1309
66845
1311
1313
66852
66855
1322
1329
1331
1336
1338
1339
1341
34109
66877
66882
1347
66883
66886
1351
66888
1355
1356
1357
34123
34126
66893
66895
1362
34130
66899
1367
34135
66903
1371
34140
1373
34141
34143
1376
34146
66914
1381
1382
34149
66917
66919
34154
1387
66924
34159
1393
34162
34163
1396
34165
66934
66935
66936
66939
34175
66943
66944
1410
34178
66948
66949
34183
1417
66957
66959
1424
66962
1428
1429
34196
66965
1432
1433
1436
1438
66977
66980
1445
66981
1447
34216
66983
1452
66988
34224
34225
1458
34227
66995
1462
34232
67000
1466
34234
1468
67002
67005
67006
67007
1473
34243
34247
1480
1484
34252
34253
34254
67026
67027
34260
1494
34270
67039
1504
34277
1510
67047
34281
34284
1519
67055
34289
1523
34294
67065
34298
67067
1532
34301
67072
1538
1539
34306
67074
67076
67077
1545
1546
1547
34314
67086
1552
34322
67091
1556
34324
67093
34327
67095
1562
1564
67100
1566
34334
34336
67102
67107
34340
34344
1580
67117
67121
1587
1590
34358
67127
1593
34361
34365
34366
34368
1601
34371
67139
34373
34374
67141
67144
67145
1611
1612
34385
67153
1622
34394
34395
67166
67173
34406
1642
34410
34412
67178
1646
34414
34415
34416
67182
34419
34420
67186
1656
1657
34424
67194
67199
34434
1668
34437
1672
1673
67211
1676
34445
34450
67220
1686
34454
1690
34458
34459
67227
34464
34468
34470
34471
1704
1708
67246
67247
1713
67250
1721
67257
67260
67263
34499
34500
67268
67269
34504
1737
34506
67272
1748
34519
1753
1754
34521
1756
67294
34527
34531
67299
1765
34533
1767
1768
34534
34536
34539
1772
67305
34543
67312
34546
67316
34549
1784
67323
34557
34559
34560
34561
67332
67334
1799
34568
1801
67337
34572
1809
67345
67350
1816
1823
67360
67361
34594
67364
34597
1830
67372
34605
67374
67375
1842
1843
34621
67391
67393
67395
67397
1862
34630
1865
67401
67403
34636
1869
1870
1871
34640
34641
67407
67411
34645
67413
1879
1880
67416
34654
34660
67429
34665
34666
34668
34669
1905
34674
1908
67451
34687
1920
67459
1924
67461
67462
34695
1933
34701
67472
1937
34706
34707
67473
1941
67475
1943
67477
34714
67484
34717
34719
67492
34726
1962
67499
34734
1967
67502
67506
1972
34741
34744
34745
67512
34747
67514
34749
67518
34754
1987
1988
34755
34756
34759
34760
1995
34765
67533
34768
2001
2002
34771
67539
2009
2010
34778
2012
34779
2014
2015
34783
67551
67552
2021
34789
67557
34792
67561
34795
34797
34799
2037
67575
67581
2046
2047
67583
67584
34818
34819
67586
67587
34822
67590
34824
34825
67591
67593
34830
67598
67599
2068
2069
34836
34839
2072
67605
2074
67609
67610
2077
34845
67612
34850
2083
2084
34851
2087
2088
67623
2090
34859
34860
34867
2100
67636
67638
34871
34872
2105
34876
34878
67646
34883
34884
34888
2123
67664
34897
34902
2138
34908
2142
67678
67681
2150
67688
34921
34923
67693
34926
67695
34933
34937
2173
34942
34943
34944
67714
67716
34952
67720
67723
67724
67725
2190
34959
34960
67728
67729
67730
2197
2198
67735
67738
67742
2208
2209
34976
67745
67750
34983
67752
34985
67755
34992
34995
2229
2230
2231
34998
35000
2234
67765
67766
35005
67767
35007
2240
67771
2242
35010
35011
67774
67778
2247
2250
2260
2262
35031
2264
67799
67800
35035
2269
35038
2271
67806
67807
35042
35043
2276
67808
67811
2279
67814
67819
2284
2287
67828
67830
67834
35068
67838
67842
67844
67845
2310
67847
67848
35081
35083
2316
2318
2319
67856
67857
67860
67861
35096
67864
2330
2331
67867
67868
2334
67870
2336
2337
35104
35106
35108
35109
2342
35110
2344
2345
35114
67875
35116
67876
67882
35119
2352
35121
2354
67893
35126
2359
35128
35129
67896
2363
35133
67901
67903
35137
67905
35141
2374
35143
2376
2378
2379
67915
67920
2385
67921
35155
2390
67926
2393
67930
2396
67933
2399
35168
35170
2408
2409
67946
2412
35180
67948
67949
35185
2419
67955
35189
2422
35190
2424
35191
67956
2428
2430
2431
35201
2434
2435
35204
67972
35207
2440
35208
2442
35210
67978
35216
2449
35217
67985
35221
2455
35224
35227
2462
35231
35232
67999
68000
35235
35236
68005
35238
2475
2477
35246
68013
68014
35249
35250
35251
68020
68022
2487
2489
2490
68029
35262
2498
2499
35267
2501
68034
68037
2504
35272
2506
68045
68046
35280
68048
35285
2520
2525
68061
2529
68065
35300
2535
2538
2541
35311
2545
35313
2547
35316
2549
35317
2551
35318
35321
68083
2558
2561
2562
2563
35331
68098
2566
2567
68101
2570
2572
2574
68110
35345
68113
35348
68118
35352
68122
35358
2591
35360
35361
2596
35364
68132
35367
2602
68139
68140
2605
2606
2607
2609
2610
35379
35380
2613
68147
68155
35389
2622
2624
35392
68160
68165
68166
2633
68169
68170
35404
68171
2638
35407
68174
68181
68183
68188
68189
68192
2660
35433
35434
68205
2670
68210
35444
35447
68218
2687
35456
68228
2695
68231
2699
35468
68236
2702
2704
35473
2706
68240
68242
2717
35488
2721
68259
2724
2725
2726
2727
35493
68262
35498
2731
2734
2736
35504
35505
68273
68277
35510
35513
35514
35517
35519
35520
2753
2754
2755
35523
35524
2758
35525
2760
35526
68289
68291
2764
68298
68300
2767
2768
35536
35537
2771
35538
35540
35542
2775
68303
2777
2778
35545
35546
35547
68311
2783
68316
68319
2786
2787
35556
35557
68320
2791
68323
68326
35567
35573
68344
2809
35577
35578
68347
35581
2815
35584
68353
68356
35589
68359
35592
35593
68361
2829
2830
2833
35601
35603
68373
68374
68377
68381
35614
68383
2850
2851
2852
35619
35622
35623
68397
2863
68404
2869
35637
35638
68406
68408
68412
68414
35648
35649
35650
68416
2884
35653
35654
2887
68417
68422
68424
68429
68432
2897
68433
35668
68437
2906
35674
2908
2909
35675
2911
35677
35679
35681
68442
68450
2917
2918
2920
68457
2923
2926
68462
2930
35698
68467
35701
2934
2935
68472
35705
35707
2940
68476
68477
2943
68478
68479
35714
2947
35716
68481
68483
35720
35721
68492
2959
68496
35729
35730
2963
68497
68500
68502
35735
68508
68510
68511
2977
35746
68513
68515
35749
35753
2986
35754
35755
68523
35758
68527
35760
68528
68530
2996
35765
68534
3000
35769
68538
3003
35771
35772
3006
68542
3009
3010
35780
3015
68553
35788
35789
3022
68556
3024
35793
68560
3031
3032
35800
35802
68568
35806
35808
68577
68578
68579
68582
3047
35826
3061
35833
68602
3068
35837
3070
3071
68606
3073
35841
3075
3076
68612
68613
68615
35848
3081
68618
68619
68622
35857
68625
35861
35862
68629
35866
3099
3100
35867
35869
3109
3112
68650
3116
3118
68658
3123
3124
35894
68664
35898
35903
3136
35905
35906
35907
3140
3142
35911
3144
35914
3147
35917
3150
35920
35923
35928
3162
3166
68702
35937
35938
68706
3172
3176
3177
35944
35946
68712
35949
68713
68719
3187
35955
35957
3190
68723
68730
3195
35963
68732
3198
3199
35967
35968
3202
68734
35972
68743
3209
3210
68748
3214
35983
68750
68753
35986
68759
3226
3230
35998
35999
3233
36000
3235
68767
68769
68770
68774
68776
68777
68779
68780
3245
3247
68783
68784
68786
3251
3252
68790
68794
36029
3262
36030
36032
36034
68802
68805
36038
3271
3272
36039
68806
68807
68813
3278
68816
3282
68818
36054
68823
3288
3289
36057
3292
3293
68828
3295
68830
36065
36066
68834
68836
3303
68840
68843
68847
68848
3313
68851
3317
3318
36087
36088
68853
3323
68859
3325
68860
3327
68863
68864
36099
3333
36104
68872
3338
3339
36107
3341
3342
3343
68873
68879
36114
68880
36116
68881
3350
68886
68887
3353
3355
36123
36124
3358
3359
36127
3362
3364
36132
3370
36138
3374
3376
36144
68917
36150
3383
3386
68923
3388
36156
68925
36160
36161
3396
3399
36168
36169
68938
36171
3404
36175
36176
36177
68947
68948
3415
36185
3419
3420
36187
3422
36190
3424
68958
3427
36195
68963
36201
3436
36204
68972
68974
68976
68977
36210
68980
36213
68982
36215
3449
36221
36222
36223
3456
3458
68994
68995
3461
68996
69003
3469
36238
3472
3473
69011
69016
36250
36253
3486
3489
69025
69028
36263
69032
36265
69033
69034
69039
3505
36276
36280
3513
69048
36284
3519
3523
36291
36293
3526
3527
36295
36297
36301
36302
69071
3536
69072
69076
36310
69083
36320
36322
36323
69095
36328
3564
36332
36334
3567
3568
36335
36336
69100
3572
36341
69102
69111
69112
3579
36348
3581
3584
36354
69123
3592
3595
3598
69137
69139
36372
69140
69142
69144
69146
69148
36381
3615
36383
3618
69154
3620
69157
3627
3628
3630
3631
36399
69168
69169
36404
69172
36406
36411
69183
3649
36417
69185
3652
69189
69190
69195
36429
3662
69202
36435
3668
3669
3670
36436
3672
69206
3674
3679
36447
36449
69220
3685
3688
69228
36461
36464
3697
69234
69235
36472
3705
3706
36476
69244
36480
3713
36483
36484
3717
3720
69257
3722
3725
36493
3727
36495
36496
36497
36498
69270
36509
69280
36513
3746
3748
3750
36519
3754
69293
3758
3759
69295
69296
3762
69298
69299
3765
36535
3770
3771
36540
36541
36542
3777
36545
36549
36551
36552
69320
3786
69326
69328
36561
3794
36564
36565
3798
69335
3800
69338
36571
3805
36574
36575
3808
3809
69344
3812
69348
3815
36586
3819
36588
69359
3828
36596
36598
3834
36603
36604
3837
36605
69371
3840
3842
36610
36612
69381
36614
3847
36616
3849
3850
69386
3853
36621
36623
36624
69389
3858
69393
3860
69400
36633
3866
3867
3868
36635
69403
3871
36641
69409
3876
3877
36644
69413
36648
69415
69416
3883
69420
3887
36655
69425
36660
69429
69432
69434
3901
3905
3907
69443
36677
69444
36688
69458
3926
69462
69465
69466
69467
3933
69471
3936
36707
69476
3942
3943
36719
69489
3955
69491
69497
3962
36730
69498
3966
36736
3969
69504
36739
69506
3973
3978
36747
3982
3988
69524
36758
69525
3992
69526
69530
4000
69536
4006
4007
36776
4009
69542
69543
69546
36782
36785
4018
36786
69553
69554
4022
4023
69556
36793
69557
4027
4030
69566
69567
69568
36805
36809
36811
4046
4048
69584
4051
36824
4058
69594
36831
4065
4068
36836
4071
36840
36841
69609
4075
69610
69612
4078
4079
36846
36847
69614
69620
36854
4089
4090
36857
4092
36860
36862
69625
69630
69633
36868
69638
4103
4105
36875
69643
36877
69647
4114
4115
69650
4120
4125
69661
69665
4132
69668
36902
69670
4138
69674
69676
36909
36912
36914
69682
4149
4157
69698
4163
4166
69706
4171
36939
4174
69710
4178
69715
4181
4184
36954
4187
4189
69726
4194
36963
36964
4197
36966
4199
36967
36968
69731
69735
36974
36975
69742
36978
36980
69748
36984
36987
69758
4225
36993
36996
4229
36997
69772
69773
4241
69777
69780
37015
4249
69787
69791
69792
4259
69796
37029
69797
37031
37033
37034
37036
37037
4270
69805
4272
4273
37042
37044
4277
69812
4279
4281
4282
37050
69818
69820
69826
4291
4294
4296
4297
69832
69834
4300
4302
4306
69842
69843
4309
69846
69847
37080
69851
69852
69855
37090
37093
37094
4327
69861
4329
4330
69865
4333
4334
37101
69874
37111
69879
4345
4348
37116
37118
69885
4353
4354
37123
69890
4357
4358
37125
69892
69899
4364
4365
37132
69902
4372
69909
37142
4375
69913
37146
69914
37148
4386
37154
37160
69928
37162
4396
69932
69934
37168
37173
4408
69945
69946
69952
37185
69953
37189
4422
37190
37191
69959
69960
4427
4428
37195
37197
37204
69972
69974
4442
4443
69979
69982
4448
37217
37219
69988
37228
4463
70001
4468
70004
4471
70008
37241
37243
37246
70014
4480
4481
4482
37251
70016
4485
70023
4488
37256
4490
4494
70030
70031
4497
70032
4501
37270
70039
4504
37273
4506
37276
70045
4515
70051
37285
70052
70053
70056
70059
70060
37296
70064
4530
4531
4532
37300
4534
37302
4536
70072
37306
70075
37313
70085
4550
37321
37323
70093
37327
37330
4563
37331
37332
70100
37339
70108
37341
4577
4581
37349
4583
4586
37360
37362
37366
4599
4600
37367
70135
70136
4604
70137
37374
4607
37376
4609
70138
70140
4614
70152
70154
37387
37388
70155
4623
70159
70161
37394
70166
37399
70167
70171
70172
4637
4638
37409
4643
37411
37413
70179
4647
37416
70184
4650
4651
70185
70187
70188
4655
70190
70197
4663
37431
37432
70200
4667
70203
4671
4672
37444
37445
37446
4679
37448
70212
37452
37453
4686
70220
70221
70226
37463
4696
4697
70234
4700
37470
37472
70240
70242
37479
70250
37483
70251
37485
70257
37491
4724
37492
4726
4729
37500
4733
4735
4737
70273
4739
70274
37509
37510
70275
4745
37513
70283
4749
37517
37518
37520
70287
4754
4755
37524
70288
70295
70299
4765
37535
4770
4772
37540
70310
70312
70313
37546
37547
4780
37549
70319
37553
4786
4787
70321
37557
70325
4793
4794
37561
37564
37565
70333
4799
70334
70336
4802
4804
70340
70349
37582
4815
70352
37587
70355
70358
70360
4825
70362
4828
70368
4836
4837
70372
70375
4842
4843
37612
37614
37615
37619
4852
37620
37623
4856
4857
37624
4859
37625
37626
37630
37631
70396
70400
4867
4868
70406
37639
4873
37642
37643
70417
70419
4884
37653
37656
70424
70426
37660
37661
70428
70429
70432
4897
37666
4900
70437
37671
37672
4907
37676
70443
4910
4911
4912
37678
37680
4915
70447
70448
70449
4919
37688
70451
70456
4924
37692
4926
37694
70461
70465
4930
4935
70474
37707
70475
70477
37712
70480
4946
37715
70482
4949
37718
4951
70485
70486
37722
70488
70491
4957
70493
4959
70495
70502
37735
4968
4970
37740
4975
4976
70511
37746
4979
70513
70514
70521
37754
37756
37759
4995
37764
4998
5000
37771
70539
37774
5007
5008
37775
37776
5011
37780
5013
37781
37783
5016
5017
37786
70547
70550
5021
70555
70561
70563
5028
70564
5031
70567
37801
5037
37805
70574
5042
5045
5049
37818
70588
37821
5054
37825
5058
5059
70596
5062
37830
72648
70601
70602
5070
37840
70608
5074
5075
70609
72650
5079
70616
70617
5082
5083
5088
70626
37859
5092
70631
70633
37871
70639
37875
70647
5112
37881
70651
5121
37890
5123
70657
5127
37895
37897
37904
5137
37906
5139
70672
70674
70678
5143
70680
70681
5148
37918
70688
5153
70689
5157
37926
5159
37927
70694
5164
5165
37934
70703
5168
5169
70706
37940
70709
5174
5175
70713
70714
37947
5180
37952
70720
37954
37955
5188
5189
37956
5191
37960
5193
70724
70726
70729
37967
37968
37969
5203
37971
5207
37976
70743
37980
5217
5218
37985
70754
5222
70759
70760
5226
37998
5233
5234
70771
38005
5238
5239
5240
70775
5242
70778
38015
5250
38019
70788
38021
5254
38023
70790
38026
70795
38028
5261
5263
5264
70799
38035
5268
38037
5273
38042
5276
70812
5281
70817
38051
5286
38055
70822
5290
5291
38059
70830
38063
70834
38067
5301
38070
70839
5304
5305
38072
38074
5308
38077
70840
70849
38083
5321
5322
5323
70861
70863
5329
5330
70865
38100
38101
70868
5336
38106
5341
70877
38111
70878
38115
5348
70887
38120
38121
5358
38126
38127
5363
70899
38134
38136
38140
70910
38145
70913
70915
70921
70925
38158
70926
5392
70928
5394
70929
5396
70933
5398
38166
5403
70941
38174
70943
38179
5414
38182
5416
38184
5420
38192
5427
5428
38195
5430
38199
70964
5433
38202
70967
5436
38206
5439
38208
5441
70975
70976
70979
5446
38215
70984
38217
5451
38220
5453
70990
5458
38230
70998
38233
71001
71003
5468
5469
38237
38239
71008
71009
38242
71012
5478
71021
5486
71024
71026
5491
71027
71029
5501
38269
38271
71040
38273
5506
5507
38274
38276
71044
38279
5515
38283
38285
71053
5519
71057
38290
38292
38293
71062
5528
5531
71069
5534
38306
71074
5545
71082
5547
38315
5550
5552
5553
38320
38323
71090
71092
5558
5559
38326
71097
71098
38332
5565
5566
38334
5569
38338
38342
5575
71110
71111
38352
71120
38354
5587
38357
5590
71125
5593
71129
38363
38366
71136
71138
5603
38372
71139
71142
5608
5614
38382
38384
5617
71156
5621
5622
38391
71159
38393
71163
5630
5632
38403
71173
71175
38409
71177
38411
71178
38413
71181
5647
71183
71184
38418
5651
38421
71195
38428
38430
5664
71202
71203
38438
38439
71210
71213
5680
38450
38452
71221
5686
71222
5688
38457
71225
38460
5694
71231
5698
5699
38470
71238
5704
5705
71240
71245
5710
38478
38480
5713
38481
71251
38484
5717
5720
38488
5722
38491
38495
71266
71267
5734
38503
71270
71271
71274
5739
5741
5742
38509
5744
38510
38512
38514
5748
38517
5750
71281
71284
71289
38525
5758
5762
71301
5766
38534
71302
5770
71306
38540
71311
38544
38547
71315
71317
71318
71319
71321
5786
38554
5788
71327
5793
5797
71333
71335
5800
71337
71339
38575
71346
5812
5813
71348
5815
38584
71349
71355
38588
71356
71358
38594
38596
71365
5831
5832
5833
38599
38601
38604
71367
71373
38607
71378
5844
5846
38618
5851
5854
5857
5858
5859
38626
38629
38630
5864
5868
71404
38638
38639
71408
38651
71420
71421
5887
5889
5894
71431
38669
38670
71437
5904
38672
5908
38677
38678
71445
38680
5914
38683
71453
5919
38688
71455
71459
5924
71460
71464
5934
5935
38702
71470
71473
38709
71478
38711
5944
5945
71479
5948
71484
38718
71485
71491
71492
5957
71493
38727
38728
71494
71495
71500
71502
38737
71509
5976
38744
5979
38749
71523
38757
5990
71525
38763
71531
5998
71535
71536
6003
6007
6011
71548
38786
38788
71560
71562
38797
71565
6031
6032
38799
38801
6035
6036
6037
6038
71567
38809
71577
6044
38813
38814
38817
71585
38820
6053
38822
71589
71592
71594
38828
71597
38830
38831
6065
6068
38836
38838
71604
38843
38844
38845
71612
71614
38849
71617
38852
71620
71621
38855
38856
71625
6090
71627
71631
6100
38870
71640
38873
71642
6107
6108
71644
71650
6118
71654
38891
38895
6128
6129
38902
6136
71674
6141
6142
6143
6144
38910
38911
38913
38914
6149
38916
71685
6152
6153
38920
38922
71687
38925
38926
71689
71696
38929
6162
38934
6167
71702
6170
6172
71709
38942
38943
71712
6180
38950
6187
6188
71724
71731
38964
71737
71740
71741
38977
71748
6213
6215
38984
38985
6218
71752
38989
71758
38994
71764
71769
6234
39003
39004
39005
39006
71770
6240
6241
6242
71774
6244
71777
6254
39024
39027
39029
6266
71802
6268
6269
71809
39042
71811
71812
71813
71815
71816
71817
6283
71820
6285
71823
39056
6289
39058
6291
39059
71831
6296
39065
6304
71840
39074
6309
39077
39082
39083
71852
6317
71854
71857
71863
39096
39099
6335
6336
39103
39105
39106
6340
71872
39110
71873
71878
71882
6349
39118
6353
39121
71890
71892
39125
39131
39133
39134
39135
71901
6370
39139
39140
6373
39142
71907
71909
71912
6378
71917
71924
39158
6391
39159
71926
6395
39163
71931
39168
6401
6402
6403
71936
6408
71945
6410
71951
71954
6421
6422
6424
6425
71961
71963
6429
39198
6431
71967
39201
71969
39209
39210
6444
39213
71980
39215
71985
6450
71987
39220
6453
71988
39223
71989
6457
71998
6463
72001
6467
6468
39239
39242
72010
39246
6479
39249
72020
39253
72022
39255
72024
39257
72025
6491
6492
39263
39264
39265
39270
39271
6504
72043
6509
6513
72049
39289
6523
72064
6529
72075
39309
39311
72081
72083
72086
39321
39322
6556
6559
6560
72096
72099
72102
39336
6572
72111
39344
39345
6583
72120
39358
72128
72130
72131
72132
39365
39366
39367
72137
72139
6604
39372
39373
6607
6608
72140
39378
72144
72145
6613
72148
72149
72151
39385
6618
39387
72156
6621
39390
6625
72161
72162
72163
39398
39400
6633
6634
72175
39411
39412
6645
6646
39413
72181
39417
72186
6652
39420
72188
6658
6659
6660
39428
72197
39434
72203
6668
6669
39441
72210
6675
39443
72213
39447
39450
72220
6688
6689
39457
39458
72225
6697
39466
39469
72237
39472
72240
6706
72242
6708
6711
39483
72254
6719
72255
72257
6724
6725
39494
72260
39496
72262
39499
39501
72270
39503
72275
72279
6746
39514
39518
39522
6755
6758
6759
39527
72299
6765
39537
39540
39541
72309
72314
39549
72323
6789
6794
6795
6797
6798
39565
39566
72334
39570
39571
72335
6807
72344
6809
6810
6811
39581
6817
39585
72354
72355
39590
39591
39594
6827
39595
72363
6831
39601
72369
39606
72376
39609
72379
39612
39614
72385
6852
6853
6855
39623
39626
72394
6862
39631
6866
72403
39636
72404
39639
6872
72411
6876
39644
72416
72417
72421
39655
6890
6891
39658
72429
6896
39665
72432
6900
39669
6902
72437
6904
39672
39673
6907
72443
6914
39682
6916
39686
72455
72459
6925
72461
6928
72466
72469
6935
6936
39705
6938
39706
6940
39707
39708
39711
72472
39713
6946
72475
6948
72478
72481
6954
72492
6958
72496
72498
6963
6964
6968
39740
39746
6979
72517
6987
72526
39759
6992
6993
6994
39760
39761
6997
72530
39768
72537
72538
72540
7006
7008
7011
39779
72547
7014
7020
7023
72561
7027
72564
72565
7030
7031
72567
39801
72569
72570
72572
72573
7038
72574
72576
72583
7050
72589
7055
39824
7061
72597
7063
39831
72602
72603
7068
39836
72606
7071
72612
7078
72614
7081
39849
7085
39853
72623
72625
39859
72627
72628
39863
72632
39866
39867
72638
72645
39879
7112
39880
7114
7115
39881
39883
7118
39886
39887
39888
39890
39891
72654
72659
72660
7127
39895
39897
72662
7131
72664
72666
7136
39905
72674
7139
39907
7141
72677
39911
72678
72682
39915
72684
7151
7152
39923
72694
39928
39929
39931
7165
7168
39936
7170
72704
7172
7174
39943
7178
39946
72719
7185
39953
72723
72726
72728
72730
7197
72735
7202
7203
39970
72741
7206
7207
72743
72746
7214
39982
39984
72750
72752
39987
72754
72755
72758
39992
39995
39996
72764
39998
72767
72768
7233
7234
40002
7239
40010
7246
7247
40014
40016
40018
40020
7254
7257
40026
40028
72798
72801
40036
7271
40040
40043
40044
72811
40046
40047
72813
7281
40049
40050
72820
40053
7286
40060
40062
7295
40063
40065
40067
7303
40071
40073
72841
7308
40076
72846
7311
72849
7316
40084
72855
72856
7322
40091
72858
7325
7329
40097
72865
72869
7336
72878
7346
7347
7348
40114
72883
72886
7352
7354
7355
40122
40123
40125
72897
72899
40136
7370
72913
40148
72916
7384
40152
72921
40155
72922
72926
72927
7393
40163
40165
7398
40166
40168
72934
72937
40171
72940
72943
7410
72947
72948
7413
72951
40184
72955
7423
40194
7428
72965
7430
40198
40199
40201
72967
7436
7438
40207
7440
7441
40210
72974
72979
7447
72985
72987
7452
40220
7454
72988
72990
72991
72992
7460
72998
40231
40240
73009
7474
7476
7477
7479
7481
73018
7484
40253
73020
7487
40256
73024
73025
7491
40259
73026
73029
7495
73032
7497
73034
7499
7500
40269
40270
73038
40276
73047
7513
40281
73051
73055
73056
7521
7524
73061
73062
40297
40299
73069
7534
7535
7536
40305
73073
40308
73076
7546
73082
73083
73086
40320
40324
73092
7561
7562
7563
73100
40335
7568
40337
73107
73108
7573
40344
7577
7578
40347
73112
40351
73123
7589
40357
73125
40362
73130
7598
73135
7601
40372
7606
40378
73149
7614
40385
73155
7621
7622
40389
73157
7625
73159
40396
73165
7631
40400
7635
40403
40404
73174
7641
73177
7645
7646
40416
7652
73188
7658
7660
40431
73199
40434
73203
73205
7672
73209
7674
40442
73211
73213
7680
40449
7682
73219
40453
7688
7689
7691
73228
73230
7698
73234
7700
73236
40472
7707
7708
40475
40482
73251
40484
40487
73255
7721
73256
7723
73258
7726
73266
7731
40500
40502
7735
73270
73271
73274
73275
7742
40510
40512
40513
73281
40515
7748
73284
40518
40519
7752
73288
73290
40523
40524
7757
40525
73291
7760
7761
40528
7763
73292
73297
40534
73301
40537
40538
7771
40540
7773
7775
73312
73313
73314
7782
7783
40550
40551
7788
73324
7791
73327
40561
73328
73329
7796
7802
40571
7808
40578
7811
40580
40581
7814
40582
73347
7817
7818
40587
73352
73354
73359
7825
7826
73362
73363
7831
7832
40605
40606
40608
7842
73378
7844
40614
40615
7848
73382
40618
7852
7853
73389
7858
40626
7860
40629
7862
7863
73394
73395
7869
40640
73408
40642
7875
73411
73414
7879
73417
7883
40652
7886
73424
40658
40659
7892
40662
40663
73431
40666
40667
73436
40670
40671
73439
7905
73450
73451
40686
73454
73455
40690
7929
7932
40701
73470
7937
7939
40708
40709
40710
40712
40713
40716
7949
73484
7951
7952
73488
73490
7956
7957
7958
73492
73496
7961
7962
7964
40733
73501
7967
73502
73504
40741
40742
7975
7976
40746
7979
73516
7981
40749
40751
7984
7985
73521
40755
73525
40758
40759
7992
7993
40762
73532
7997
40768
73537
40770
40771
40772
8005
40773
8007
73542
8009
8010
40777
40778
8013
73545
73546
40784
8017
73553
73558
40792
8025
8030
73568
8033
8034
40802
73569
73572
8038
40807
40808
40809
73573
73575
73579
40814
8047
40815
40816
73582
73583
40820
73587
8054
8055
40822
73589
8058
73591
73592
40829
73593
73599
73600
73603
40836
8069
40837
40839
73605
73606
8075
73611
73622
40855
73624
40857
8090
8091
8092
40858
40860
40861
8096
40862
73629
73631
73632
40869
73633
73634
73638
73640
8108
40877
8110
73645
40880
73648
40882
40886
40887
40888
73655
8123
73660
40894
73664
40900
8135
40906
73674
8141
73680
8145
40914
8148
8151
73689
73690
40923
8157
40931
40932
8165
40934
73699
8173
73710
8175
40948
40949
8182
73717
8184
73720
73722
40956
40957
40958
8193
40963
73732
73736
40969
73739
40973
8209
8211
40979
73751
40985
73754
40989
73757
40992
40996
73765
73766
73769
73770
41003
73774
8239
41010
73778
41015
41018
8251
8254
73791
73796
73797
8262
73799
8264
73801
73803
8268
8269
41044
73812
8280
41049
8282
41051
73816
73822
8287
41055
41057
8290
8291
73826
73827
8295
73832
8297
8298
8299
73836
73840
73841
8308
41079
41081
41082
41083
73849
73850
8318
41086
8322
73860
41096
8329
41097
73865
41100
41101
73871
73873
41106
8341
41110
8346
41116
73884
41118
73885
8352
41120
73889
41123
41124
73891
8358
8360
8361
73897
8363
41132
8367
8368
41136
73903
8372
8373
73908
73909
8379
73915
73916
41154
8387
73923
73925
41158
73932
8397
41165
8399
8405
73941
8411
41179
41181
73949
73950
41184
73952
8429
8432
41206
73975
73976
8442
8443
41210
73978
41215
8448
8452
8453
41224
8457
41225
8459
8460
41227
8462
41231
73992
41233
73996
74002
41239
8475
8476
8478
74014
74015
8482
74019
8484
41252
74022
8489
8490
74029
41262
74031
74033
41267
74038
41271
41272
8506
8508
41276
74045
8512
41282
74050
8516
41284
41291
74061
74063
74064
8529
8530
8531
74065
74067
74072
8539
41309
8543
41311
8545
41312
74079
74082
41317
74085
8554
8555
41326
41327
41330
74102
74105
74106
74110
8576
8583
41355
74125
74126
74127
8592
8593
41362
8595
41364
41367
41369
8603
41374
74142
8608
41377
8611
8612
41382
8616
74152
74157
41390
8623
41391
74158
74161
41396
41398
41405
8638
41409
74178
74179
8646
8649
8650
74187
41420
8653
8654
74188
8657
41425
41429
74199
74200
8665
41433
8667
8669
74207
41440
74210
8676
8677
41448
8683
74219
74221
8686
41456
41457
74225
8691
8692
74228
8696
8697
41466
8700
41468
74240
8705
8706
74244
8714
74250
74253
8718
8719
74260
8727
41495
41496
41497
74266
8734
74271
74275
74277
41511
41512
74280
8746
74283
8750
8751
74287
8755
41526
8762
8764
74300
74302
8773
8775
74312
74314
41547
41548
8787
74325
8790
74327
8792
74329
74330
8795
74331
41565
8800
74336
8802
74340
8807
8808
41575
74343
41582
8815
41584
41586
41588
41591
41594
74362
8832
8833
8834
8835
41613
8849
74386
8851
74390
74391
41625
8860
8862
8863
74399
8869
8871
8874
8878
41648
8881
41650
74416
74419
41653
8886
8887
8888
41655
41657
8891
41660
74421
74423
8895
8896
74427
8898
74437
8902
41671
8904
8905
41674
74442
41676
8910
8911
8912
41684
74453
74454
41687
41688
8921
8923
74459
41693
8927
74463
8933
74470
8935
8936
8937
74472
74476
74477
8951
41719
8954
41722
8956
74495
8964
74503
41738
8973
41742
74514
8980
41750
74518
8984
74522
41755
8988
74524
8991
41759
74527
41764
41766
9001
9005
41773
9008
41777
74544
9011
41781
9016
41786
74554
41788
74556
9024
41792
9026
74563
41800
74573
9038
9039
41806
9041
9042
41809
9044
74574
9046
41815
9048
9049
41819
74587
74592
41825
9060
9061
41828
74597
74600
41841
74609
9075
9080
9081
74617
9084
41853
9086
41855
74620
9091
41861
41862
9095
74631
41867
74635
9103
41872
74642
74644
9110
74647
41881
41883
74652
9122
41892
74660
9126
41896
41897
41899
9132
41901
41907
41908
9141
9142
41909
41916
9150
41918
9152
41920
74686
74688
9157
74694
9159
9160
41927
41929
9163
41931
41932
41933
41935
9168
41937
9170
9171
74709
41943
74711
41952
74720
9187
41955
41960
9193
74730
41964
41967
74738
9203
74739
41975
74749
41982
9216
41990
41991
9224
74759
74762
74763
9228
74768
9233
42002
9239
74775
9241
74779
9244
42013
42015
9250
42018
9252
42021
42022
9255
74790
9257
74795
9260
74796
74798
74806
74807
42040
9273
74809
9275
74811
42050
9283
42051
74821
74823
74824
9289
42057
9291
9292
42059
42060
74825
9296
42064
74839
9308
9309
42076
74845
74850
42083
74853
42087
42088
42090
74860
9325
9326
9327
42095
42096
9330
74866
42101
74869
42105
9341
9342
74877
42116
42117
74884
42119
74891
42124
42127
9360
74898
9365
9366
42134
74902
74905
9371
42143
74913
42146
42147
42148
9381
42149
74915
74916
9385
74918
9389
74932
42165
74934
9400
42168
9402
9403
9405
9406
9409
42178
74947
74948
9417
42185
42186
74956
74957
9427
74964
42199
42200
74969
9436
9437
9439
42207
74976
9442
9443
42212
74979
9447
42215
74987
9452
9453
42226
9459
42228
9461
74999
9464
9465
9473
75010
75014
9479
9481
9483
75019
75025
9490
9491
75030
9496
75032
75033
9500
9501
9502
9503
9504
75036
75043
42276
42279
9513
9514
75049
75051
42285
75054
42287
42288
9521
9522
42290
75057
9528
9529
9530
42298
42299
9533
42302
9535
75064
9537
9538
42305
9543
42311
42312
75083
9548
75085
42320
75090
42324
9557
75092
9561
75097
75098
9564
75102
9568
9571
42339
75107
9574
75108
9576
9581
9583
42351
42353
75120
9587
9588
75125
9593
9594
75130
42365
42367
9601
9604
42374
75143
42382
75151
9617
42388
9621
42393
42396
9629
42401
42403
42407
75176
42409
42410
75179
75181
42416
42418
42419
75187
9653
75191
75192
42426
9661
75197
42431
42432
75205
75207
9672
75209
9674
75212
42447
75216
9681
42449
9683
42451
42455
9688
75223
9690
75227
75230
42464
75232
75233
75234
9701
42472
42473
75240
75241
75242
75243
42480
75248
75250
9716
75252
9718
75253
75256
75266
75268
42501
42506
42508
42509
75278
42511
75280
42513
9749
9750
75286
42521
9754
9755
75289
75291
75295
75296
42532
42533
9766
75303
75304
9769
75308
42542
42544
42545
9778
42546
75313
9781
42549
75314
75317
42553
42554
75321
75322
9789
42560
75328
9795
9796
42563
42564
42566
75335
42570
42571
75340
9807
75344
42577
75351
75352
75355
42592
75360
9826
9827
42596
9834
75371
42605
9839
9840
9844
75385
75387
75391
42625
9859
42627
9864
42636
75407
42640
75409
9875
42643
9877
75412
9879
75413
42649
75417
42651
9884
75418
75421
9887
42655
75425
42658
9893
75429
75434
9900
42668
42669
42675
42676
9909
42677
42679
75443
75444
75448
75451
42684
75453
75454
9919
9920
9921
42688
9924
42693
75467
42700
75468
9934
42702
75470
75473
42706
75475
42712
42713
75489
42724
9961
9964
42732
42737
42740
42742
9977
9982
9987
9988
42755
9990
9993
9994
42763
9996
42765
42768
10005
42774
10007
10008
42778
10016
42784
10024
10025
42792
42797
10031
10032
10035
42804
42806
10041
42811
10044
42813
42814
10048
10055
42824
10062
42835
10069
42837
42840
10073
42841
42845
42847
10081
42849
10084
10085
42857
10090
10091
42862
10098
42866
42869
10104
42873
10106
10107
42878
42884
10117
10121
42893
10126
10130
10133
42901
42904
42910
42915
42916
10154
10155
10156
42924
42925
42932
42934
42936
10169
42939
42941
10174
42942
10177
10178
42947
42951
10185
42953
42955
10189
10190
10193
42963
10197
10200
10202
10204
10207
42977
10210
42979
42981
10215
42984
10220
42988
42991
42993
10228
42998
42999
10233
10236
10245
43015
10248
43017
43020
43022
10256
10259
10260
43027
43030
10265
43033
10267
43035
10276
10279
10280
43048
10282
43050
43052
10285
10291
43061
10300
10301
43070
43073
10310
10311
43079
43082
43098
43099
10333
43102
10336
10340
10341
43109
43110
43115
10348
43122
43123
43132
10365
10371
43140
10373
43143
43145
10378
10383
10384
43153
43154
10387
10388
10389
10392
10393
10395
43163
43164
43168
10406
43174
43176
10409
43178
43189
43192
10431
43200
43202
10439
43209
10446
43215
43216
10449
43229
43237
43242
43243
43247
43248
10483
43255
43256
10489
10490
10500
10501
10508
10510
43278
10513
10515
10516
43283
43286
10520
10521
43291
10525
43294
43296
10531
43299
43312
10545
43318
43320
10553
10559
10560
10562
43330
10565
43334
10567
10568
43337
10571
43340
43341
10575
10577
43345
43346
10581
10585
10586
43353
10588
43354
43359
10595
10596
43365
43368
10602
10604
43379
10613
43382
43383
43392
43404
43405
10638
10639
10640
10641
10642
10645
10646
10649
10650
43423
10661
43429
43435
10674
10681
10683
10685
10688
43457
10694
10698
10701
10703
43472
10710
43478
10716
10719
43487
10721
10722
10723
43494
43498
10732
10734
43502
10738
10739
10741
10742
43513
10747
10748
10750
10756
43525
10761
10762
43530
10770
43540
43543
43546
43549
43550
43551
10787
43558
10797
43565
43569
10802
10803
43572
43579
43580
43588
10822
10829
43599
43607
10842
10843
43610
43611
10848
43617
43623
10860
43632
10867
43639
10879
43647
10881
43649
43651
43654
43655
10888
43657
43658
10894
43664
10897
10899
10904
43672
43675
10911
43679
43681
10915
10916
43683
10920
43693
10931
43699
10933
10934
43700
43701
43706
43711
43712
43725
10958
10960
10963
43732
10965
10966
43736
43737
10975
43744
10978
10979
43746
10981
43749
10983
43756
43757
43758
10991
43760
43762
10995
43763
43765
43766
11002
43773
11008
11010
11011
11013
11020
11029
11030
43797
11032
43808
11042
11043
11044
43813
43817
43818
11057
43825
11059
11061
11062
43832
11067
11070
43839
11073
43842
11076
11081
43851
43852
43854
11089
43857
11091
43860
43861
43863
11099
11100
43870
43873
11107
11108
43879
43884
43885
43887
11120
11127
11132
43900
43902
43903
43907
11140
11141
43911
11144
43914
43921
43922
43929
11166
11168
11171
43944
11177
11183
11184
43952
11205
11208
11209
43977
11212
43980
43981
11215
11216
43982
11219
43988
43990
43991
11228
11229
11233
44002
11240
44010
11244
11245
11249
44017
44020
11256
11260
11261
44031
11264
11268
44037
44038
11271
44042
44045
11278
11280
11281
44048
11285
11286
11287
44053
44054
44055
11291
11294
11295
11301
11302
44071
11304
44073
11314
11318
11322
11323
44091
11325
44093
44096
44097
44098
44101
11334
44103
44106
44120
44121
44126
11361
11376
11379
44147
44150
11385
44154
11387
11388
44155
44159
11392
44161
11395
44169
44171
11407
11412
44180
44185
44188
11422
11424
11427
11429
44197
11432
44207
44208
11445
44213
11447
44216
44219
11452
44220
11455
44228
11464
44232
11468
44238
11475
11479
44251
11487
44263
11500
44271
11506
44277
11510
44281
11514
11515
11519
11523
44292
11528
44299
11533
44304
44305
11540
11544
11549
44319
11554
44324
11562
44332
44333
44335
11569
44337
11571
44340
44343
11579
11581
44349
44354
11590
11597
44366
11604
11605
44377
44378
44380
44385
44387
44388
11621
11625
44393
44394
11633
44404
11641
11642
11645
11647
11648
11650
11656
44424
11662
11664
44432
11666
11669
11670
11673
44442
11676
44447
11680
44448
11682
11683
11684
44450
11696
11697
44464
11700
44469
44471
44472
44479
11713
11716
11720
11721
11723
11725
11730
44502
11735
11736
11737
44503
11739
44508
11741
44512
11748
11749
11753
11754
11755
44522
44523
44525
44530
44538
11771
11774
44548
44549
44552
11795
11797
44566
44568
11801
44569
11807
11808
44575
11815
11816
11817
11818
11819
44598
44600
11833
11834
44602
11838
11839
44607
11841
44610
11844
11846
11848
11851
11853
44621
11862
44631
11871
44641
44642
11875
44643
11885
11886
44658
44661
44664
11901
44669
44672
11911
44688
44691
44693
11926
11927
44700
44701
11934
11935
11945
44714
44718
11951
44719
44721
11954
44726
11959
44737
11975
11976
11981
11982
44750
44752
44753
44755
44760
11993
12000
44768
12003
12004
44783
12018
44786
12020
12021
12024
12025
12026
44794
44796
12029
44797
44799
12032
12033
12034
44801
44804
44808
12042
44810
12044
12045
44812
12053
44821
44826
44829
12063
12066
44843
44846
44848
12082
12083
44850
12085
12090
12097
44866
44870
44873
12107
12110
44878
44880
12121
44889
44892
12130
44901
12135
44909
12142
44911
44920
44925
12160
12168
44939
44942
44948
12183
44957
12191
44959
44961
44966
12200
12203
12204
44971
12206
12214
44984
12217
44990
44993
12235
12239
12240
45011
12247
12248
12251
12252
45021
12255
12256
45025
12259
12260
12265
45034
12267
12268
12269
45039
45041
12282
45053
12288
12290
45060
12293
45069
12307
12311
45079
12314
45084
12318
12322
12323
12325
45094
12329
12332
45101
45105
12338
12339
45110
45114
45116
45121
12355
45123
12357
12360
12363
45132
12365
45135
45136
45137
12370
12371
12376
12378
45147
12386
45155
12390
45161
45162
12395
12396
12398
45168
45169
45171
45174
45175
45179
12413
12416
45184
45187
12424
45195
45202
12438
45209
45210
45211
12447
12450
45223
12458
45227
12461
45230
45234
12468
45241
45243
12477
45247
45248
45249
45259
12492
12493
12495
12499
12507
12509
12510
12512
12517
12518
45289
45294
12527
45296
45300
45303
12536
12538
12540
45315
12549
12551
12554
45326
45330
12566
12570
45344
12578
45346
12580
45354
12588
45358
45359
12594
12598
45366
45368
45369
45371
45373
12606
45378
12611
12612
45380
45389
45391
45412
45415
45416
12650
45419
12655
12660
45436
12670
45438
45439
45443
12684
12685
45452
45453
12691
45460
45461
45462
45465
45467
12703
45473
12709
45478
12712
12715
12720
12723
12724
45492
12727
12728
45495
45496
45499
45500
12733
45503
45504
45505
12738
45510
12744
12747
12749
12751
12752
45521
12760
45529
45531
12764
45536
12770
12771
12772
45540
45541
45542
12776
12777
12778
12784
45552
45554
12790
12798
45569
12806
45574
45582
12817
12818
12819
45588
45590
12823
12826
45595
45597
12830
45598
12833
45601
45603
45605
12840
12841
12843
45611
12845
45612
45616
12853
45621
12857
12858
45626
12860
12872
12877
12881
45651
12884
45656
12892
12895
12900
12902
45670
12906
12909
12911
12913
12914
12915
45681
12917
12920
12921
45694
12928
45697
12930
12934
45709
45712
45714
12948
12949
45718
12952
45720
45722
45726
45730
45736
12969
45739
45741
12978
12981
12983
45755
45756
12989
45757
45758
12993
12994
45761
12996
13003
13004
13007
13011
45781
13017
45785
45787
13022
13029
13031
45802
13035
13036
45805
45806
45807
45810
45813
13048
13049
13050
45818
13052
45821
45824
45828
13065
45833
45834
45835
45838
45842
13075
13077
45849
45852
13086
45855
45861
45864
13097
13098
13100
45872
45873
45876
45878
45884
13117
45885
45886
13120
45888
13127
45897
13132
45906
45910
13143
45915
45917
13150
13151
45921
13156
13158
13160
45928
45930
13163
45935
13168
45938
45940
13173
13174
45943
45946
13188
13189
13191
13192
13197
45966
45974
45976
13209
45977
45979
13219
45990
13225
45995
45996
13231
13232
13233
13234
46002
13242
46011
13245
46015
13251
46021
13259
46028
13269
13270
13272
13274
46042
13277
13278
46045
46047
13281
13282
46049
46051
13286
46056
13290
13291
46060
46062
46064
46065
46070
46073
13307
46078
46082
13316
13319
46088
13322
13326
13332
13337
46105
13339
13340
46115
13358
46127
46131
13369
46142
46143
46144
46148
13382
46151
13385
46154
13388
13391
46159
13393
13394
46166
46168
13401
13402
13403
46171
13408
46177
13413
46181
46183
13418
46186
46189
13422
13424
13426
46195
13431
46200
46203
13437
46205
46209
46211
13444
13446
46215
13451
46224
13457
13459
46228
46229
13462
13464
13467
13469
13470
46237
46238
46239
46240
46246
13486
46254
46256
46261
13494
46262
13496
13497
13498
13503
46274
13507
46276
46278
46284
46285
13521
46289
13523
46292
13531
46300
46306
46307
13541
13542
13543
46311
46312
46317
13552
46320
13554
13555
46322
46326
13559
46328
46330
13564
46337
46338
13571
13575
46345
46350
46351
46358
46359
46360
13594
46362
13596
46364
46365
13600
13601
46368
13604
46380
13614
13616
46387
13622
13632
46400
46401
46402
46403
13637
46406
13639
46407
13641
46408
46413
13646
46417
46421
13655
13656
13657
46432
46433
13666
13668
13671
46441
13680
46449
46450
46452
13686
46457
13691
46460
13693
46462
13695
46464
13700
13702
46472
46474
46477
46479
13714
13729
46500
46501
13738
13739
46507
13741
13743
13744
13746
46516
46517
13751
13752
13754
13756
13757
46524
13759
13760
13761
46528
13763
13764
13766
46536
13770
46542
46543
46545
13781
46549
13790
46559
46560
13794
67871
46568
13803
46573
13806
13807
13808
46574
46579
46581
46586
13819
13821
13824
13826
13828
13829
46600
13837
46608
46609
13846
13847
46614
46618
46620
13853
46626
13861
13862
13863
46632
13867
13870
46647
13885
46653
46654
46659
13894
46667
13904
46673
13907
13914
13916
13920
46689
13926
46694
13928
46702
13937
13939
13940
46711
46713
46720
13955
46725
13959
13961
46730
13964
46732
46736
13977
46747
13981
46753
46755
46759
13992
13994
46762
46764
13998
46766
46767
14010
14021
46789
46790
14026
46795
14028
46796
14030
14032
46800
14034
14035
46802
14038
46807
46808
14045
46816
46819
14053
14054
14055
14070
14079
14080
46848
14082
14083
14084
46851
14090
46859
46860
14097
46871
46873
46877
46881
14118
46889
14122
46893
46895
14128
46897
46900
46905
46906
46908
46913
46915
14149
46917
14151
46919
14155
46925
46928
14162
46933
46935
14168
14169
14174
14175
14176
46943
46944
14181
14186
14187
46956
14191
14192
46963
14196
14200
14204
46972
46974
14207
46980
46981
14215
46983
14217
46984
46990
14223
14225
46997
14233
14234
14235
47004
47009
47011
47012
47014
47016
47017
47024
14257
47027
14262
47034
14268
14269
47036
47041
14274
47042
47045
47051
14284
47058
47061
14295
14307
47075
47081
14315
14316
47084
14318
14319
14325
14327
47095
14329
47097
14331
14332
47105
47107
47111
14345
47119
47120
14355
47123
47127
14360
14362
47131
14365
14366
47139
14374
14375
14383
47151
47152
14387
47156
47160
14394
47164
14400
14401
47169
47170
14404
14405
47175
47176
47178
47181
47183
14416
47185
14419
14422
47196
47197
47198
14432
47207
47208
47213
47214
14447
47217
47218
14454
14455
47223
47227
47228
14461
47240
47242
47244
47248
14486
14487
47254
47255
14490
47257
47259
47261
14498
14501
14502
14507
14509
14510
47280
14513
14516
47284
47288
47289
14522
14525
14532
14533
47301
14536
47306
47308
14551
47320
47323
47324
47329
47333
14570
14571
14572
47341
14574
14576
14577
47344
14582
14583
47352
47353
47354
14588
14590
14591
14596
47367
14601
47371
47375
14609
14610
47381
47382
14615
14620
14624
14629
14631
14633
47402
14637
47405
14643
47411
47414
47416
47417
14651
14652
14657
47426
14664
14666
47434
14668
47437
47438
47439
14672
47444
47448
14685
47453
14687
47457
14695
47463
47477
47479
47481
14714
47485
14719
47491
47492
47501
14740
47511
47513
47515
47516
47519
14760
47529
47531
74576
14766
47535
14769
14773
14775
47544
14777
47545
14780
47549
14782
47550
14785
47561
47562
47564
14799
47568
14808
14809
14810
47576
14815
14820
47593
14827
47596
47604
47605
47610
14855
14856
47627
14860
47629
14865
47638
14871
47641
14878
14879
47646
47651
47652
47653
47656
47662
47665
14910
47681
47684
14918
47687
14920
47689
47692
14926
14928
47697
47698
47704
47708
47709
47712
14948
47719
14953
47727
47728
14961
47729
14964
14965
14966
47734
14972
47745
47751
47752
47762
47764
14997
14998
47767
15002
47770
47772
15005
15009
47777
15013
47783
15016
15017
15018
47789
15023
15027
15030
47798
47806
15043
47811
15051
15052
47823
47824
15058
15059
15060
47829
15063
15069
47842
47846
47847
15081
15083
47852
47858
47869
47873
15106
47874
47876
15111
15116
47886
15119
47887
15122
15126
47897
15131
47906
47907
47911
47913
15146
15149
15150
47917
15152
15153
47920
15156
47924
47929
15162
15163
47930
47933
15166
47935
47936
47938
47943
47944
15177
15178
15190
15192
47961
47963
47965
47970
15206
15212
15214
15221
47991
15224
15227
47998
15235
48005
15238
48007
48012
15247
48015
48016
15250
48020
15254
15259
48029
48032
15269
15270
48047
15282
48051
15284
48052
48053
15287
48059
48060
15294
15299
15300
48073
15308
15316
48084
48090
15323
15324
15327
48095
48098
15331
15334
48102
48104
48110
48114
48117
15350
15356
48124
48131
15365
48137
48138
15374
15376
15377
48145
74698
48151
15385
15389
48157
15393
15394
48161
48163
48167
48168
15401
48172
15405
15406
15409
48179
48182
48184
15418
48197
48200
48201
48205
15438
48210
15447
48221
15458
15462
15463
15464
15465
48237
15470
15472
15473
48240
48243
48244
48246
15479
48247
15481
48251
15487
15489
48257
48258
15492
15493
48266
15502
48275
48278
15514
48285
15518
48287
15522
48292
15526
15531
15536
48304
48306
15540
48309
15546
48316
48317
15553
48322
15556
15557
48325
15563
15564
48331
48333
15572
48345
15578
48347
48351
48352
48356
48358
15592
48361
15596
48369
15602
15604
48375
15611
15614
48382
15620
15621
48388
15623
48392
15628
48400
48406
15639
48408
15641
15642
15645
15648
48421
48429
48431
48433
48437
48440
48441
48442
15678
15679
48448
15681
15684
15686
15687
48455
15691
48460
48463
48464
48466
15701
15702
48471
15705
15710
15711
15712
48478
15717
15721
48489
48494
15735
15737
15740
48512
15747
48520
48522
15756
48526
15760
15766
15772
15777
15779
48548
15781
48549
15788
15789
48556
15793
48562
48563
15799
48573
48579
48581
48583
15818
48588
48592
48593
15829
48601
15837
48609
15846
48618
48619
15854
48622
15856
15867
15868
15869
48637
48640
48641
48644
48646
15884
15886
48654
48655
48657
15894
48662
48669
15903
48676
15911
48683
15917
48688
48691
15924
48693
48701
48705
48706
15939
48715
15948
48716
15950
15951
48718
48723
15956
48726
15959
68301
15961
15963
48733
68302
15969
68304
15977
15979
15980
15981
15982
68307
15992
48763
15997
48767
16000
16001
16003
48771
16005
48774
48775
16010
16011
48784
16017
16024
48794
48797
48799
16032
16033
48807
16040
16042
16044
48814
16048
48817
48824
48825
48830
48834
16067
48837
16071
48841
16076
16079
16080
16082
48850
48853
48855
16088
16089
16090
16095
48863
16097
48869
48870
48877
16110
48879
16112
48882
48884
16118
16123
48893
16131
48900
16139
16141
16145
16148
16150
48918
48919
48921
48922
16156
48928
48936
16172
16174
16176
48944
48949
16182
16186
48959
16194
16199
16201
48969
48971
16205
16207
16208
48975
48977
48980
48981
16215
16218
16224
16225
16226
48992
48994
16229
48995
48999
49000
16233
16236
16238
16245
16248
49018
16253
49021
16259
16262
16264
49032
49035
16270
49040
16273
16275
16276
49047
16280
49053
16286
16289
49057
16291
49059
16310
16314
16317
49087
49088
16322
49091
49096
49100
16333
16335
16336
49106
16340
16342
16343
49111
16346
49114
16350
16351
49121
49122
16355
49123
16358
49127
16360
49129
49132
16372
16373
49140
16375
16376
49145
49149
16382
49154
49155
16388
49156
49157
16393
49161
49165
16399
16402
16405
16407
16409
16410
49181
16417
49186
16420
49190
49193
49194
49195
16428
16429
49197
16432
16434
49205
16443
49217
16450
16452
49224
49227
16463
16464
16465
49232
49237
16470
16475
16477
49248
16482
49251
16487
49255
16489
16492
16494
49262
16498
49267
49276
16511
16512
16515
49283
16521
16530
49300
16534
16536
16544
49313
16546
16547
49320
16557
49326
49327
16564
16565
49333
49334
16568
49338
49341
49342
16576
49351
16586
49355
16591
49362
16597
16598
49369
16602
49370
16604
16606
49377
49385
16619
16620
49388
49389
16626
49394
16629
16635
16636
49403
49405
16639
49409
49411
16644
49413
49415
49418
16651
49421
16654
49424
49428
16661
16666
16667
49434
49437
49438
49439
16675
49447
16680
49449
49452
16686
49456
16694
49465
16698
16700
16702
16703
16706
16707
16714
49482
16717
16721
16722
16723
16728
49503
16736
16737
16742
16749
49517
49520
49521
16756
16759
49527
16762
49531
49536
49537
49538
16774
49543
49550
16787
16789
16790
49557
49558
16793
49561
49565
16798
16804
16805
16806
49575
16808
16809
16810
49581
16819
16823
16829
49600
16835
49604
49605
16840
49608
49610
16843
49615
49622
16860
49629
49634
49638
16871
49639
49643
49646
49648
49649
16884
49660
16893
16894
49661
16896
49662
49663
49665
49666
16901
16910
16912
49684
16919
16920
49687
49689
16923
49691
49693
16926
49695
16932
49702
49704
49708
16942
49711
16949
49718
49719
16952
16953
49720
49730
16969
16973
16981
16983
49752
16988
49756
16991
16997
17000
17002
49776
49778
49779
17013
49781
17016
49786
49789
17024
49793
49795
49802
49805
49807
49808
17044
17052
17055
49824
17058
49826
49829
49830
49834
17069
49838
49840
49845
17078
49850
17086
49859
17094
17098
17101
49870
49875
17108
49876
17112
49881
17114
17120
49888
49890
17123
17124
49895
49898
49902
49903
49907
17141
49912
49913
17148
49916
17159
17160
49928
49929
17163
49934
49935
17171
17173
49947
17183
17188
49956
49957
49968
17201
17204
17207
17208
17209
49976
49978
17213
17216
17219
49998
17231
17234
17235
17238
17240
50011
50012
17247
17251
50021
50023
50025
50027
17261
17262
50033
17267
50035
17269
50041
50042
50044
50045
50049
50055
17290
50068
17303
17304
50073
17306
50082
17316
17320
50090
17323
50093
50095
17328
17331
17336
17338
50107
50109
50113
17347
17348
17349
50118
17351
50120
50121
50122
17356
17358
17359
50127
17362
17366
50142
17375
50148
17383
17385
17391
50159
50165
50167
17401
50170
17406
50174
50176
17410
50178
50181
50183
17421
50192
50193
17427
17429
50200
17433
50202
17435
17438
50208
17441
17444
50214
50219
17454
50222
17461
50232
17465
17467
17469
17471
17473
50241
50244
17478
50246
17489
17490
50262
50263
17499
50267
17505
17506
50276
50278
50280
17515
17516
50285
17525
50294
50299
17532
50300
17535
50304
17537
17539
50307
17541
17542
17547
17550
50318
50320
17557
50325
50329
17563
50334
17568
17569
50336
17571
17573
50342
50343
50344
50346
50348
50354
50355
50356
50357
50359
50360
50362
50363
50364
50367
50370
17603
17604
50372
50375
17608
17611
50379
17616
17618
50386
50388
50389
50390
17623
17626
17635
17636
50403
17638
17639
17640
50405
50407
17644
17645
17646
50416
17649
17651
50421
50427
17665
50433
17669
50438
17678
17681
50458
50461
17699
50469
50471
17707
17708
50477
50481
17719
17720
17721
17722
50493
50494
17727
17728
50497
17730
50500
50502
17735
17738
17741
50518
50522
50523
50529
50530
50534
50541
17774
50544
17777
50545
50546
17784
50556
50558
17796
17799
17802
50571
17804
17805
50575
17813
17816
17820
50590
17828
17833
50601
50604
17838
50606
50608
17843
50614
17847
17849
50620
50621
50622
17855
17862
50632
17866
17873
50641
50644
50652
17885
17886
50655
17888
17891
17892
50660
50662
17895
17896
50664
50668
17903
50671
50677
17910
50684
17920
50689
17922
17923
50690
17925
17926
17927
50696
17929
50702
17935
50704
17937
50705
50708
17943
50723
50724
50729
17966
50734
17968
50736
17971
50739
50744
50746
50747
17985
17989
17991
50759
50761
50762
50772
18006
18007
50774
50778
50781
50782
18015
18017
50787
18020
18027
18028
50795
50798
50804
50805
18039
50808
50810
50816
18051
18054
18056
18058
18059
18063
50840
50845
18083
18084
18085
50851
18088
50860
50863
18105
50875
50876
18109
50880
18115
18116
50885
50886
50887
18126
50894
50895
50897
50898
18135
50907
18144
18146
50916
18154
50924
18160
18163
50931
50932
18166
18167
50933
18169
50934
18174
50943
18177
50946
50947
50948
50951
18189
50957
18193
50967
50970
18203
50973
50974
18208
50976
50978
50980
50982
18216
18218
18225
50996
50998
51003
18236
18237
51009
51012
18246
18256
18257
51025
18265
51033
18269
51041
18274
18276
51047
18286
51055
51056
18291
18296
18297
18301
51069
18305
18311
51079
51081
18315
51084
51088
18321
51090
51092
18330
51101
18334
18336
18338
18339
18342
51112
18352
18353
18357
51130
18363
18366
51134
18369
18370
51140
18373
18374
18376
51144
51147
18380
51149
18382
51150
18385
18388
51162
18399
51169
51170
18404
18408
51176
51178
18411
18412
51182
18415
51183
18417
51186
51189
18422
18425
18426
51196
51197
51198
18442
18450
51220
18455
18460
18465
51235
51236
51239
18474
18479
51250
51252
18485
51257
18491
51263
18499
18501
51271
18507
51277
51282
51288
18521
51293
18526
18527
18531
51299
51301
51304
18537
51308
51309
18542
18543
18544
18545
51317
18551
18553
51321
18558
18560
51328
51329
18568
18570
18573
51342
51351
18584
51352
51353
18589
18590
18593
51362
18595
18597
51365
51366
51369
51373
18609
51381
18615
51386
18624
18630
51401
18637
18639
51408
51412
18645
51415
18653
18654
18655
18661
18666
18670
18671
51447
18685
18689
51457
51458
51460
18693
18694
18699
18700
18701
18702
51469
18704
51471
18707
51476
18709
51480
51482
18715
51487
18720
51490
51492
18726
18728
51498
18731
51502
51505
51508
18742
18745
18747
18749
51519
51521
51523
51526
18761
18763
18764
51535
51539
51541
51542
18778
18780
18781
51553
51555
18790
18793
18794
51570
18803
51571
51572
18807
51575
51576
51578
51581
18815
51586
51587
18828
51597
51602
18840
18844
18847
51615
18849
18850
18855
18856
18857
18858
18864
18868
18872
18873
18875
51643
18879
51650
18888
51656
18890
51660
51662
51663
18897
18900
51670
18903
51672
18921
18922
18924
18928
51698
51703
18936
51706
18942
51711
18945
18946
51713
18948
18951
18955
18957
18958
18960
18961
51729
51731
18965
51735
18968
51742
18978
51751
51753
51755
18992
51760
18994
18998
19001
19004
19005
19006
51775
19010
19015
51783
19017
19021
19022
51792
19035
51807
51808
51810
19045
51814
51816
19049
19050
51820
19053
19055
51825
19058
19071
19072
19074
19077
19078
51845
51850
19089
51859
19098
19099
19101
19102
19104
51875
19108
51876
19110
19117
19125
51900
19139
19141
51909
51917
51921
19156
19158
51927
19162
19166
19170
51938
51939
51947
51948
19182
19184
51952
19186
19187
19189
51957
19195
19196
51964
19203
19206
51975
19210
19212
19213
51981
19219
51991
19225
51995
51996
19229
19230
51997
52000
52001
52003
19236
52005
19239
52007
19242
52010
19245
19247
52015
52017
19250
19253
19254
52031
19265
52033
52035
19272
19273
52040
19278
19279
19280
52048
52055
19292
52063
19299
19301
19303
19307
52083
19316
52084
52086
52087
52096
19329
19330
52098
19332
19334
19335
52102
52108
19344
19345
19346
19357
19360
52128
19366
52135
19368
52136
52137
19371
52140
19375
19377
19378
52151
52156
52157
19394
19398
19402
52177
52178
52179
52182
19417
19418
52191
52193
19426
52194
19430
19431
52201
52203
19436
52204
52205
52208
19441
19443
52213
19446
52214
52215
52219
52221
52223
52227
19460
19461
19462
52232
52238
52244
19478
52250
19483
19487
52255
52259
19494
52264
52268
19503
19504
52275
52277
52282
52283
19517
52286
52287
19525
52294
19530
19531
19533
52303
52305
19542
52310
52315
19549
19552
52321
52327
19560
19561
52328
52329
52332
52333
19566
19567
52340
52343
52344
19586
19587
19588
19594
19599
19600
19607
52376
19609
19610
19611
52380
19617
19618
52389
19622
19623
19624
52390
19626
52392
19628
52395
52401
19634
52402
19636
52410
19647
52416
52417
52418
52421
19655
19656
19663
19667
52436
52438
52446
52448
19681
52450
19685
19686
52454
52457
52463
52467
52468
19702
52481
52484
52486
52490
19725
52497
19732
52503
19737
52505
19739
52509
52513
19746
52514
19750
52522
52527
52532
19765
52539
19772
52543
19776
52544
19778
52550
19783
19785
19786
52553
52554
52557
19793
52563
52569
19804
52572
52576
19809
52579
52581
52590
19824
52592
19827
19831
52599
52605
19840
19841
19843
19844
52612
52617
52624
52627
52628
19864
52634
19870
52641
52642
19875
52643
52644
19880
52648
19885
19887
19894
19895
19902
52671
19914
19917
19918
52686
19922
52692
52693
52695
52700
19934
52702
19938
19939
19942
52711
19947
52715
19949
19952
52721
52731
52732
52735
52736
52738
52739
52741
19974
52742
52743
19980
19981
19982
19985
19994
52769
52771
20006
20016
20017
52784
20019
52785
52786
52793
20028
20037
52805
52808
20041
52809
52812
52816
52817
20050
52819
52823
52825
52827
52828
20067
52835
20069
20072
20073
52840
52846
20081
52850
20084
52853
20086
20087
20091
52860
52862
52868
20101
52871
52876
20109
20110
20114
52883
20121
52891
20131
20132
52900
52907
20140
52908
52909
52913
52918
20151
52921
20155
20156
20158
52926
52927
20161
52936
20170
20171
20172
52939
52943
20178
20184
20186
52956
52957
52961
20198
52966
52968
52971
20213
20216
52985
20224
52993
52995
20228
53001
20237
20238
20239
53006
53007
20242
53014
20248
20251
53023
53024
20257
53028
53029
20262
53030
53031
20268
20271
53039
53048
20282
53050
20289
53058
53059
53066
53069
20302
53070
20308
53076
20311
20312
53081
20319
20327
20328
53096
20330
20331
53097
20333
20336
20338
20339
20340
53107
53112
20345
53114
53118
53119
20356
53127
20360
53132
20365
53134
53137
20373
20374
53143
53147
20381
20382
53151
20390
20391
20397
20400
53180
53181
53190
20434
20435
20445
53214
53216
53217
53222
20455
53224
53226
53227
53229
53230
20467
53236
53243
20479
53247
53251
53258
20492
53265
53266
20505
53275
20508
20510
20515
20516
20518
53288
20524
20527
53296
53298
53301
20535
20536
20537
20539
20541
20550
53319
20552
20554
20559
53328
20566
53343
53344
53347
20583
20587
20592
20598
20602
53372
20605
53381
20615
20616
53383
53384
20619
53390
20624
20625
53393
53394
53395
20631
53404
53408
53411
53413
20648
53419
20659
20661
53432
20672
53440
20674
53446
20683
53453
53461
53464
20697
53466
20705
20707
20712
20715
20718
20722
20723
53495
53496
20730
53498
20732
53501
53502
20736
20737
20740
20741
53512
20746
20754
53524
20757
53525
53528
53529
53543
20776
53545
20779
20781
53551
20786
20794
20795
53564
20800
53571
20805
20807
20813
53581
20816
20818
20819
53590
53591
20824
20831
53600
20833
20834
20835
53603
53605
53607
53608
20843
53612
20846
20850
53621
53622
53623
20857
53630
53631
53634
20870
20871
53640
20874
53642
53644
53645
20879
53648
20881
53650
53652
20888
53656
20890
20891
53664
20897
20898
53665
53667
20903
20906
20908
20910
53679
53680
20913
53681
53687
53689
20924
20929
53699
53701
20935
20936
20939
53707
53712
20946
20947
53718
53719
20954
20955
53724
53729
20966
20969
53744
53745
53746
20983
20985
20986
53754
20995
53768
53769
21002
53776
21009
21010
21011
21015
53785
53786
21019
21027
53797
21032
53800
53801
21035
53802
53806
53807
21041
21046
53817
53818
53824
53825
21058
21059
53841
53842
53845
21079
53850
21083
53856
21089
21090
21094
53863
21097
53865
21099
53867
21102
53870
53871
53872
53874
53875
21109
21111
53885
21118
53890
53893
53899
21133
21134
21139
21141
53909
53912
21153
21157
53926
21162
21165
21166
21170
21172
53942
21177
53948
21183
21188
53956
21190
21191
53957
21193
53964
53966
53974
53975
53981
53983
21217
21219
53987
21221
21222
21223
21227
53995
53996
53999
54001
54006
54008
54009
54011
21244
21245
21246
54012
21254
21257
54026
21260
21261
54032
21268
21269
54043
21276
54045
21285
54055
21291
21292
54059
54060
54063
21300
54068
54069
54071
54076
21313
54082
54084
54092
54093
54094
54095
54103
21336
54104
21338
21339
54105
54107
54110
54111
21346
54118
21351
54119
54127
54129
21362
21370
54143
21379
21380
54148
21382
54149
54151
21394
21396
21397
54169
54170
54171
21404
54172
21406
54176
54177
21413
21416
54186
21419
21422
54197
54198
21434
54203
21438
21446
21447
54214
21449
54219
21452
21454
21455
54223
21457
54224
21459
54235
21469
54237
54239
54242
54243
21476
54247
54252
54254
21488
21491
21496
21497
21498
54266
54267
21501
54269
54271
21504
54276
21511
21512
54285
54289
54290
54293
54297
54303
21536
21537
21539
21540
54310
21548
54320
21554
54325
54329
21564
54334
21569
54337
21573
54347
54348
54349
21582
21586
21588
21589
54360
21593
54362
54368
54370
54373
54379
21613
21614
21620
21623
21624
54392
21626
21628
54402
54403
21637
21638
54407
54409
21646
54416
54420
21656
21658
21664
54432
54435
21669
54439
21675
21677
54447
21684
54454
21687
54457
21691
54468
21704
21706
21708
54483
21716
21717
54485
21723
54492
54494
54495
21731
21733
54503
21738
21740
21742
21743
54513
21747
54517
21753
54529
54532
21767
21768
54539
21772
21775
54544
21782
54550
54551
54553
21786
21787
54555
54559
21792
21794
21799
54567
21801
54568
21808
21811
21812
21813
21815
54584
54589
54590
54591
21825
54594
54595
21830
54601
21837
54606
21840
54608
21842
21844
21847
54619
54620
54621
54624
21859
21860
54627
54630
21863
54632
54633
54634
54638
21871
21877
21878
54646
54648
21889
54660
54663
54670
21906
54675
21912
21927
54695
54697
21931
54703
54704
21940
21941
21942
54711
54712
54722
21956
21957
54727
21960
21961
21963
21965
54744
21977
21980
21983
54752
21985
54757
21992
54763
21998
22000
54770
54772
22016
54784
54785
54794
22027
22028
54797
22030
54799
54803
22036
54804
22038
22039
22046
54815
22050
22058
54828
54831
22064
22067
22069
22070
54839
54840
22073
54842
54844
54845
54846
54849
22082
54853
54854
22088
54857
54859
54865
22104
22106
22113
22115
22116
22119
54887
22121
54893
54894
22128
22130
54898
22132
54900
22139
54907
54911
22148
54916
22153
54922
22155
22156
22160
22161
54928
22163
22164
54930
54931
54932
22168
54936
22175
22177
22179
22182
54953
22188
54956
22190
22191
22192
54958
54962
22199
54967
54969
54971
54972
54974
22208
22210
22211
54980
22217
54987
22220
22221
54990
22226
54997
22230
54999
55002
55008
55010
55012
22245
22252
22259
22266
55035
55036
55038
55039
55040
22278
55046
22281
22282
55050
55051
22285
55055
22288
55061
22300
55070
22310
22312
22313
22314
22315
22316
55081
55085
22319
22324
55093
22328
22329
55097
22332
22333
22334
22335
22336
55105
55112
22345
55113
22349
55126
55128
22361
55131
55138
22372
22382
55159
22392
55160
55161
22396
55167
22400
55169
22403
55173
22406
22407
22408
22409
55176
55178
22413
22417
55199
22433
22439
22442
55211
55212
55217
55218
55220
55221
22454
22456
22457
55228
22464
22473
22475
55243
55249
22482
55253
22490
55259
22492
22494
22495
55264
55265
55266
55267
55272
55279
55286
22523
22526
22530
22533
22535
22537
22541
22545
22546
55315
22548
55321
22554
55324
22563
22564
55331
55332
55333
55336
55337
55338
55341
55344
22577
22579
55350
22587
55360
55362
55364
55370
22607
55375
22616
55384
55386
55388
22621
55390
22624
55398
55400
55401
55402
22639
55408
22652
22656
55426
22664
22669
22671
22672
22673
55443
22677
55445
22679
55447
22681
22683
22688
22689
55459
22693
22695
22697
22698
55466
22702
22706
55479
55482
22716
55484
22718
55485
55488
22728
55497
22738
55507
22743
22744
22746
55514
55515
22751
55519
22761
22764
22766
55538
55543
22778
22781
55552
55555
55556
55559
22792
22795
55564
22797
55567
22800
22802
55572
22805
55573
22808
22809
55579
22813
22818
55587
55588
55592
55595
22828
22835
22836
55603
55604
22841
22842
55612
22849
22851
22852
22854
55623
22862
22866
55634
22868
22870
22872
22874
55648
22881
55649
22885
22886
55655
22888
55657
22891
55659
55666
55668
55669
55674
22909
55679
55683
55684
22921
22922
55693
55704
55705
22938
22939
22942
55717
55719
22952
22953
55720
55723
22957
55729
55731
22965
55733
22967
55735
55738
22979
55749
55752
22986
55755
55759
22993
22998
55769
23005
23008
55778
23011
23014
55786
23023
55795
23028
23029
23030
55796
23032
23033
55809
55812
55814
23049
55818
55819
55820
23054
55824
55825
55832
23070
23071
23073
23074
23076
55847
55852
23088
23089
55858
55869
23103
55875
23109
23121
55889
55891
23124
55893
55894
23131
55899
55901
23134
23135
23138
55908
55910
23144
23145
23146
55913
55916
55918
55923
23158
23164
23170
23171
55938
55945
55946
23181
55949
55953
55954
23187
23191
55962
23207
23208
55975
23210
23216
23222
55991
23224
55993
23226
23228
23229
23230
23232
23237
56006
56007
56008
56009
23242
56011
56013
23246
56015
56016
56019
23253
56026
56027
23260
56029
56030
56031
23266
56034
23270
23273
23275
23281
23288
56056
56063
23298
56067
23305
56078
56079
56080
23314
56083
23318
23321
56089
56090
56097
56098
23332
56101
23335
23338
56106
56107
56108
56109
56111
23344
56113
23347
23350
56122
56123
23356
23359
23362
56132
23370
56138
23373
56142
23377
56145
23381
23382
56150
56152
23386
23387
56154
56161
23396
56167
23405
56173
23407
23408
56178
56179
56181
23415
56187
23421
56190
56195
23428
56198
56199
23434
23435
23438
56207
23443
56216
56217
23450
56222
56225
56230
23467
23468
56238
23472
56240
56241
23475
56245
23480
56248
23486
56256
23490
56258
23493
23494
23496
23497
56264
56267
23502
56271
23504
23506
23515
23517
56289
56293
23527
23528
23533
56301
23540
23542
23543
23545
23546
56324
56325
56328
23568
56336
23570
56343
23584
56352
23588
23591
23592
23594
23595
23599
23602
56374
23607
23609
56378
56379
23612
23614
56382
56388
56390
23623
56393
23627
23628
56397
56405
23638
56413
56425
23659
23661
56433
23667
23680
23682
23685
56453
23687
56455
56456
23690
56457
23692
23693
23694
56458
56459
23697
23702
56473
23709
23710
56480
23714
56486
23719
56494
23728
23729
23731
23732
23735
23736
56504
23738
56509
56511
56513
56516
23750
56519
56520
23753
56522
56529
23765
23767
23769
23770
56537
56540
56541
56542
23775
56543
56549
56554
23789
56560
56562
23795
23805
56574
23807
23809
23816
23824
23829
23831
56600
56606
23840
23841
23842
23843
23845
56614
23847
23851
23852
23854
23856
56625
23861
56632
23865
23867
23869
56640
56642
23880
56650
23883
23884
23885
56651
56662
23896
23897
23901
56671
23905
56678
56679
56687
56691
56692
23927
56699
23942
23944
56712
56716
23954
56724
56727
56728
56729
23963
23964
56740
23973
56743
23977
23979
23980
23981
23982
56748
56750
56753
23987
56755
56757
23999
56768
56772
24005
56773
24016
24017
56785
56786
24020
56787
56788
24025
24029
56799
24032
24035
24036
56803
24038
56805
24042
56810
24044
24048
24049
24050
24051
24052
56819
56820
56821
56824
56827
24060
56829
24062
24063
24064
24065
24066
56834
56835
56840
24073
24077
24079
24081
24084
56852
56854
24089
56858
56859
56860
56861
24096
24101
56869
24103
24105
24106
56875
24108
56880
56883
24116
24118
24121
56889
56894
56896
56899
56901
24138
24140
56910
56913
24146
56915
24148
24149
24153
56921
56923
24157
56932
24169
24170
56937
56942
56943
56946
24182
56952
56953
24189
24190
24194
56964
56965
24198
24199
24200
56967
56968
56971
24205
56974
24208
24212
24214
24217
24219
24221
56991
56992
24226
24227
56995
24230
57005
24239
57007
57009
57014
24247
57016
57018
57021
24255
57025
57027
57031
57036
24270
57038
24275
57048
57049
24282
24290
24293
57063
57065
57066
57073
24315
24318
57091
24324
57094
57099
24334
57103
57110
24344
57115
24349
24351
57120
57121
24355
24356
57125
57126
57131
57139
24375
24381
57149
24383
57156
57157
24391
57160
24393
57166
24401
24402
57171
24404
24407
24408
57177
57179
57184
24417
57189
24423
57191
24426
57198
57200
57201
57202
24435
24436
24440
24443
57212
24447
57216
57217
24450
57223
57224
57227
57228
57231
57234
24467
57237
24473
57242
57246
24479
24481
57249
57250
57252
24487
24488
57256
57257
57259
57268
24502
24505
24510
57281
57283
24518
57287
57290
24523
24525
57296
24529
24530
57298
24534
24539
24540
24544
57312
24547
57316
24550
57319
24553
57321
24555
57323
57327
57330
24566
24568
24570
24576
57344
24581
24588
57360
57362
24597
57366
57368
57369
24603
57371
24607
24608
57379
57380
24615
24616
57384
57385
57386
24625
24627
24634
24639
24640
57407
57408
57410
24644
57418
24652
57421
57425
57426
24662
24664
24665
57433
57439
24672
24673
57441
24679
24680
57447
24682
57448
24684
24686
24687
57456
57460
24695
57463
24700
24703
24704
24707
57480
24715
57484
24717
57485
24722
57491
24724
24726
24727
57502
24738
24740
57511
24744
24748
57516
57518
24754
24755
57524
57527
24761
24765
24766
57539
24775
24777
24779
57548
24788
24795
24805
57574
57575
24808
24813
57581
57582
24816
57586
24819
24820
24822
57593
57597
57601
24840
24841
57612
24848
57620
57621
57622
24857
57627
24860
24861
57630
24865
24866
57635
57637
57639
57641
57643
24880
57650
57651
24885
57653
57657
24890
24891
24894
57665
57666
24899
57667
57668
24902
57671
24904
24905
57674
57675
57677
57678
24914
24915
57683
57692
57695
24932
24933
57702
57704
24937
24938
57706
24940
57709
24944
24950
57720
24954
57723
24956
24957
57724
24965
24969
24970
24971
57738
57740
57745
24980
24981
57750
24985
57760
57761
24994
57762
57763
57765
24998
57767
25000
57768
25002
25003
25004
25005
57770
57771
57774
25009
57780
25013
25014
57781
57784
57786
57787
57791
25025
25026
57793
57802
57803
57807
57811
25046
57815
25048
57817
25058
25063
57832
57834
57835
25072
25075
25078
25080
57851
57852
25085
57855
25089
57858
57860
57862
57864
25098
25101
25102
57869
57871
25106
57874
25116
57886
57888
25121
57890
57891
57893
57895
25128
25131
57899
57904
25137
25138
57905
57906
57907
57916
25151
57920
57928
57933
25168
57937
57941
25174
57942
25177
25179
57947
25184
25185
25186
57957
25191
57963
57968
57969
57972
57980
57985
25218
57987
25233
58007
25240
58018
58020
58026
58028
25261
25265
58036
25269
58037
25271
25272
58038
25274
25275
58042
58050
25286
25289
25293
25295
58073
58074
25309
58078
25311
58079
25313
25314
58081
58084
25317
58085
58088
25322
58090
25331
25333
58101
58103
58104
58108
25342
25343
25346
58114
25354
58126
25362
25363
25368
58150
25386
25389
25393
58165
25400
58170
25403
58172
58173
58177
25419
58191
58194
25427
58198
58203
25436
58205
25439
25440
58207
58212
25449
25451
58219
58223
25457
25461
25464
58232
58234
25467
25469
58239
58242
58244
25478
58247
25481
25483
25487
25488
25493
58265
58267
58268
25504
58273
58274
58276
25509
58279
25514
25515
58282
58287
25522
58291
25527
58301
25536
58306
25542
58312
58314
58315
25548
25552
58320
58324
25557
58327
58328
25561
25564
25567
25577
25578
25579
25580
58345
58346
58352
25594
25597
58367
58370
58374
58376
58382
58388
58391
25624
25625
25627
58395
58396
25630
25631
58398
25635
58404
58416
25660
58430
58431
58432
25665
58436
58440
25680
58453
25686
58454
58459
58464
58466
25702
25703
58473
58480
58481
25715
25716
25717
25726
58497
25734
58503
25737
58507
58509
58520
58527
25761
25763
58536
58539
25776
25779
58547
25785
25786
58554
25790
58559
25801
25803
58572
25805
25807
25811
25812
25814
58586
58596
25831
58600
25833
25834
25836
25838
25847
25848
58615
25850
25851
25859
25860
58632
58635
58636
25869
58640
58646
58647
25881
25883
58651
58653
25890
25891
25893
58670
25903
58671
58679
58680
25913
25915
25920
25921
58689
25923
58693
58694
25927
58696
58697
58699
25934
58707
58708
25942
58711
25944
25945
25948
58718
25952
58726
58730
25965
25967
25972
25973
25975
58743
25983
58757
58758
25992
25994
58762
25997
58765
26002
58771
58772
26007
58775
26009
26010
26011
26013
26016
58784
26020
26021
58789
58792
58796
26029
26031
26034
26035
26036
26037
58803
58805
26040
26042
26044
58814
58819
58820
58824
58825
58827
58831
26067
26069
58837
26071
26072
58839
26074
58840
26076
58842
58844
58848
58853
58858
58860
26093
58866
26099
26100
26101
58867
58868
58876
26110
58879
26113
26116
26117
26118
58889
58894
58895
58896
58899
58900
26134
58903
26139
26140
26141
58910
26143
26146
26147
26148
58914
58916
58917
58920
26153
26155
26158
58926
58928
58929
58934
26167
26168
58937
26170
26171
58939
26174
58942
58944
58949
26184
58953
58956
26190
58966
26200
58975
26208
58976
58978
58979
58980
58981
26215
58983
58987
58989
26227
58996
26234
26240
59014
59016
26249
26250
59027
59033
26266
26268
59036
26270
26272
26273
59043
59047
59048
26282
26284
26285
59052
59055
59059
26295
59067
26300
26303
26307
59077
26310
59080
26314
26317
26324
59097
59098
26332
26334
26335
26336
59105
26339
26341
59111
26344
59117
26353
59126
26361
59129
26363
59131
59134
59136
59138
59146
26380
59150
26383
59152
59154
26391
26392
59159
26394
26395
26396
59161
26398
26399
59164
59167
59171
59175
26408
26412
26419
26422
59192
26425
26428
59198
59201
59203
59213
26452
59220
59221
26455
26456
59223
26458
59226
26460
59232
59236
26472
26473
59241
26475
26482
59254
59255
59257
26490
59259
59260
59267
26505
59273
59276
59281
59283
59284
59285
26519
26520
26521
59293
26527
59300
59302
59303
59315
26548
59319
26555
26558
59328
59332
26565
59338
26573
59341
59343
59345
59349
59353
26587
59356
26589
59359
26593
59362
26597
59369
26602
59370
59371
59374
26610
26611
26615
26616
26619
59389
59392
59396
59399
59405
59406
59409
59411
59413
59417
26650
26654
59424
59425
26658
59433
26669
59438
26676
59445
59448
59449
59455
59457
26690
59459
26692
26693
59463
26696
59466
59467
26701
26704
26707
26711
59480
26713
26715
59486
26719
59489
59492
59493
59499
59500
59501
26738
59507
59510
26748
26749
26752
26755
59526
59527
26761
59529
59530
59532
59533
26767
26769
26772
59540
26775
59544
26777
59549
59553
26787
59556
26790
26792
59561
26796
59564
26801
59578
26819
26820
59587
59590
59592
59596
59599
59600
59603
59605
59615
59616
26851
26852
59627
26863
59635
26870
59639
26874
59645
59648
59652
26889
26890
59658
26897
59668
59669
59670
26905
26911
26912
59680
59683
26916
59686
59687
59693
59694
59695
59696
59701
26939
26943
59712
26950
26952
26953
26954
59724
59725
26958
26963
26967
26968
59735
59736
59741
26976
26977
59744
59747
59749
26985
26988
26989
26991
26992
26993
59760
26995
59764
27002
59770
27004
59771
59785
59787
27020
27029
59797
27031
59800
59802
59806
27041
59810
27043
27045
59813
27048
59816
27052
27053
59820
59821
59823
59825
59826
27059
27062
27072
59846
59850
59851
27086
27087
59854
59856
27092
59861
59867
59868
59870
27105
27108
59885
59886
27122
27123
59893
27126
59895
59897
27133
27135
59904
27141
59909
59910
59911
59912
59915
27148
59916
59918
59921
27154
27156
59926
27161
59929
27166
59934
27168
59937
59942
27176
27179
59949
59950
59951
27188
59957
59962
59967
27200
27201
59968
27204
27205
59973
59976
27213
27217
27218
59985
59988
59989
59991
59992
59994
27228
59997
27230
60001
60004
27245
60016
60017
27250
70545
60020
60021
27255
27257
27258
60028
60030
27265
27266
60035
60040
27276
27279
27284
60055
27289
27290
60058
60061
27296
27299
60067
60070
27304
60075
60077
27312
27313
60080
27315
60082
27317
27319
27324
60092
27330
27332
27333
60102
60103
27336
60105
27343
60124
27358
60127
27364
60132
60135
27368
27371
27374
60146
60149
27383
27384
60151
27387
27388
60156
60160
27394
60163
60166
60168
60170
60171
27404
60172
60174
27412
60181
60182
27415
60185
27421
60189
27424
60193
27426
60196
27434
27436
60206
60208
27441
60210
27444
60217
60218
27452
27454
60225
27459
60227
60230
27463
60235
60236
27475
27476
27480
60249
60250
27485
60254
60255
27488
60257
60263
27497
60269
60271
27505
27506
60273
27508
27509
60274
27513
60287
60288
60289
27522
60292
60293
60296
27530
60301
60302
27535
60303
60304
60311
60312
60316
27551
60320
27557
27560
27561
60331
27564
27566
60334
27569
27570
60341
60350
27585
60355
60356
60360
27605
60373
27610
27611
60379
60382
60383
27617
27619
27620
27623
27628
60397
60405
60412
27650
27653
27660
60429
27662
27663
60430
60432
27666
60437
60438
60443
27680
27683
27686
60454
27688
27690
27691
27701
27707
60476
27709
60477
27716
27717
60484
27719
27720
60487
27722
60491
27726
27735
27736
27739
27740
60510
60515
27759
60527
60532
27773
27774
27778
60546
60547
60558
60561
60563
60564
27800
60569
27809
60578
60579
27814
60582
27821
60591
60594
27830
60599
27839
27841
27848
27849
60627
60630
60638
27871
60646
60647
27880
27881
27882
27885
60653
60660
27897
60666
27901
27905
27910
27913
60683
60687
27920
60690
27924
27926
60695
60698
27933
60704
60705
60706
60713
60714
60715
27948
60716
27950
60717
60720
27954
27957
27958
60726
60727
60729
27962
60731
27965
60734
27972
27976
27977
60744
60750
27983
27986
60756
60757
60764
27998
28000
28009
60777
28011
28013
28016
28017
28018
60787
60789
28023
60793
28033
28035
28037
60805
28042
28043
28045
60813
28049
60820
28054
60822
28058
60827
60830
28064
60834
60835
28068
28069
28071
60839
60840
60842
28076
28078
60849
28085
28086
60856
60858
60859
60860
28102
28105
60876
60881
60882
28115
28117
28118
28119
60888
28123
28125
28127
28136
28138
28139
60910
60911
28146
60917
60919
28153
60923
28160
28161
28163
60931
60932
60937
60938
60939
60940
60942
60943
28177
28178
60946
60949
28182
60950
28186
28189
60960
60962
28202
60971
28207
60980
60985
28218
60987
60990
60991
60993
28226
28228
28236
61005
61006
28240
61011
28246
28248
28249
28261
28262
61029
61032
28267
28269
28271
28272
61041
61043
28277
61045
61046
28284
28286
28288
28289
61058
28291
61067
28302
61071
61074
28312
61082
28322
61095
61104
28337
61105
61106
28340
61109
28344
61112
28348
28351
61123
28356
28357
61128
61132
28372
28373
61149
61150
61151
28384
61153
28388
28390
28393
28395
28396
61163
28399
61168
28407
61175
61176
28415
61184
61185
28422
61196
61201
28434
28436
28443
61217
61220
28458
61227
61232
61236
28469
28471
28478
28479
28480
28481
61248
28485
61255
28491
61259
61261
28494
61262
28496
28499
28500
61269
61271
28513
28514
28519
61287
28521
28523
28528
28533
61304
28544
28545
28546
28547
28554
28561
61335
28569
61337
61338
28572
61343
28577
28582
61351
28585
61354
61355
61356
28589
28592
28602
28604
61372
28606
61388
28624
61397
61400
61401
61404
61406
61409
61413
28648
28652
28653
28654
61425
28658
61429
61430
28665
61433
61434
28683
28689
61458
61459
28695
28696
61463
61467
61468
28703
61472
61474
28707
61475
28709
61478
28712
61484
28717
28720
28721
61491
61492
28726
61494
61495
61497
28730
61499
61501
61502
28738
61506
61507
28744
61513
61517
61534
61540
61541
61542
28776
28777
61544
28779
61548
61550
61552
28786
61558
61559
61564
28797
28798
61568
28809
61578
28812
61581
61582
61584
28819
61587
28824
61596
28830
28833
61601
28835
61602
28838
28841
61609
61612
28850
28851
61626
28859
28863
28866
61634
61637
28870
28871
61644
28879
28885
28886
61657
61665
28899
61669
28903
28904
61671
61672
61674
61678
28912
61680
28916
28920
61689
61690
61697
61700
28933
28934
61701
61705
28942
28944
61714
28953
61721
28955
61722
28958
61728
61730
61732
61735
61737
28972
61742
61745
61746
28979
28980
61754
28995
28997
61765
29005
29010
29014
29015
29020
29021
61788
29027
61796
61798
61799
29032
61802
29038
29039
29045
61816
61817
61818
61819
61820
29055
61823
29060
29062
61834
29068
61836
61837
29072
61847
29084
61854
29089
61858
29092
29093
61861
61866
61867
61872
29105
29106
61873
61875
29109
29111
61879
29113
61885
61886
29120
29123
29125
61897
61905
29139
29144
29146
61923
29156
29165
61934
29167
29168
61938
29177
29182
29183
61950
61957
61958
29192
61961
61962
61970
61973
29206
61981
29222
61993
29228
29229
29230
61998
29233
62002
62005
62008
62009
62010
62016
62017
29250
29255
29258
29259
62027
62030
29267
29268
29269
62040
29273
62041
29276
29277
62045
29279
62047
29282
29287
62058
62061
29296
62067
29300
29313
29321
29322
62094
62095
62096
62098
62102
62105
29341
29343
29352
62121
29357
62126
29360
62136
62138
29371
62144
62145
29387
62156
29390
62160
29396
62165
62168
62170
62171
29404
29409
62178
62180
29413
29416
29417
62184
62186
62191
29425
29428
62196
62200
62203
62204
29442
62211
29444
29445
29446
29447
62215
29449
62216
29452
29453
62222
29455
62224
62226
62227
29461
62231
29464
62232
29467
29474
29476
62244
29478
29479
62246
29482
29483
62251
29485
62254
29489
29490
62259
29496
62267
29501
29505
29507
29508
62277
29511
29514
29515
62282
29517
29518
62285
62287
62292
62296
62298
29531
29536
29539
29540
29542
29545
29549
62317
29551
62318
29554
62323
29557
62326
29571
29572
29573
62345
62347
29583
62352
62354
29590
62367
62369
29603
62375
29608
62378
29612
29613
29614
62381
29616
29617
62388
29621
62389
29623
62390
29627
62395
29630
29631
29632
62402
62406
29640
62408
62412
62419
29654
29661
62429
29663
29666
62434
29669
62440
62441
62444
62446
62448
29681
29683
29685
29687
62457
62459
29696
62464
29700
62474
29709
29710
29711
62486
29721
29722
29723
62490
29725
62494
62498
62499
29732
62500
29734
62505
62506
29740
62509
62516
29750
62518
29752
29755
29756
62524
29758
62528
29762
62531
62535
29771
62540
62542
62546
62550
29783
29785
62555
29791
62564
62566
29800
62572
62573
62575
29809
62578
29813
29815
62583
62585
29820
62590
29826
62594
29830
62600
62601
62603
29836
29841
62610
29844
62619
62621
29857
29858
62627
62632
62633
29868
62636
29872
62641
29875
29877
62649
29886
62655
29888
62657
62658
29892
29896
62666
29899
29900
62667
62671
29904
29905
29906
29907
62675
29909
29912
29913
62681
62692
29926
62694
62697
29931
62699
29935
62708
29941
62709
29943
62711
62714
29947
29950
62718
62719
62722
62723
62726
62730
29965
29968
29970
62738
62741
29976
29977
29978
29979
62746
29985
29986
62758
29997
62765
62766
30002
30004
62781
62782
62783
62786
62788
30021
62795
30029
62797
62803
30036
30038
30041
30044
30045
30046
62812
30048
62814
30052
30053
62820
62823
62825
30062
62832
30065
62837
30073
30077
30078
30079
30080
30091
30092
62859
62860
30103
62871
30108
62877
30110
62880
62881
62885
30119
62892
30132
62900
30136
30137
62904
62905
30142
30144
62915
62916
62917
30152
62924
30157
30160
30165
62934
62935
30168
62936
30172
62941
62943
30177
62947
62953
30187
30189
30190
62963
62965
30198
30200
30202
30204
62973
62975
62979
30212
62985
30218
30222
62993
30230
62999
63001
63003
30236
63008
63009
63013
63016
63019
30252
63021
30254
63026
63030
63032
30265
30269
63037
63039
30272
30273
30274
30278
30279
63050
63051
63053
30286
30291
30298
63068
30302
63070
30305
63075
63076
30309
30327
63096
30331
63101
63102
30335
63103
30340
30341
30347
30348
30349
30351
30355
30357
63125
30365
30366
63133
63136
63138
30373
30377
30380
63149
30383
63152
30385
30386
63154
63156
30391
30392
63163
63164
30397
30401
63177
30413
30415
30416
30423
63191
30427
63196
30429
63198
30439
63208
30443
63214
30449
30450
63218
63219
30453
30455
30456
30464
63233
63234
30470
63238
30472
30473
63239
30475
63242
63244
63245
63246
63255
63259
30493
30495
30496
30501
30507
30508
63284
30519
63294
30529
63297
63299
30535
30536
63303
30538
30541
30542
63310
63313
30546
63318
63322
30556
30565
63337
30573
30574
63346
30580
30583
63351
30588
63362
63365
30598
63366
63367
30601
30604
63380
30613
30619
63391
63392
30626
63399
63400
63401
63402
30635
30637
30638
30639
30645
30649
30653
30657
63425
30659
63427
30662
30663
63434
63437
30670
63440
63442
30675
30680
63448
30682
30683
30684
63449
63455
30691
30694
30698
63466
63474
30708
63481
30717
63486
63494
63496
30729
63498
30731
30733
30741
63511
30746
30747
30750
30756
63526
63528
63529
63531
30765
30766
63534
63535
30769
63537
63546
63550
63551
63552
63555
30788
30789
63556
63558
30792
63560
63561
30795
30800
63574
30808
30810
30813
30814
30815
63582
63583
63584
63588
30823
63594
30829
63600
30833
30835
63604
63610
63613
63614
63615
30849
63617
63626
30859
63629
63631
30868
63639
63640
63642
30877
30884
30890
63659
63661
63664
30906
63676
30913
30916
63685
63689
63691
63696
30930
63698
30932
63702
63710
30944
30946
63717
30952
63721
30954
30957
30959
30961
63730
30963
30965
63733
63734
63739
63754
30988
30990
63758
30997
63767
63769
31003
63771
63779
31012
31013
31014
31015
63780
63786
63790
63791
31024
63792
31026
63798
31031
31032
31033
63807
31040
63812
31045
63816
63827
31060
63837
31071
31074
63844
63845
63846
63851
31087
31090
63859
31092
63860
31095
63867
63870
63872
31113
63881
31119
63887
63889
31123
63892
63893
31127
31131
63903
31136
31139
31142
63910
31150
63920
31157
63925
63928
63943
63949
63950
31183
63951
63952
63956
31190
63958
63964
63966
63976
63979
63980
63982
63983
63986
63992
31230
64002
64008
64010
64012
64013
64014
31247
31251
31262
31267
31269
64040
64047
64052
31285
64061
31295
31296
31300
64069
31302
31303
31304
64070
31309
64077
31312
64081
64083
64085
64086
31321
31322
31325
31330
64099
31332
31336
64104
64110
64111
31344
64112
64113
31347
64115
64118
64127
31360
31361
64130
31365
31366
64134
31368
64135
31374
31377
64145
31380
31381
31387
64155
64158
31391
31392
31394
64163
31398
64168
31402
31405
31406
31408
31409
31412
64183
31419
31423
64194
31427
31429
31437
31438
64205
31440
64211
31446
64214
64216
64218
31451
64219
31453
64222
64227
64228
31468
64236
64237
64242
31475
31477
31478
64247
64248
31486
31488
64258
31492
31493
31494
64261
64268
31506
64278
64281
64285
31523
31525
64293
64303
31537
31540
31542
64311
64313
64318
64320
64321
31554
31555
31559
64330
31566
31567
64334
31570
31572
31573
64341
31577
31578
31582
64351
64356
64360
31599
64372
31605
64380
64382
31621
64389
31625
64397
31630
64406
64409
31644
64412
64413
31652
31656
31664
64432
64434
31667
31670
64440
64445
31680
64450
31684
64454
64459
31693
31695
64471
31707
64475
31709
64479
31715
31721
31723
31724
64493
31727
31728
31729
31730
31733
31739
31740
64508
31743
64511
31745
31751
64519
64520
31755
64526
31759
64529
31763
64534
31767
31769
64543
64548
31783
64551
64552
31792
31796
31798
64566
64570
31805
31806
64574
64578
31812
64582
31819
64587
31821
64588
31823
64592
31826
64598
64606
31840
64609
64611
64612
64613
64615
31848
64617
31850
31851
31852
31853
31854
64618
31857
31862
64630
31865
31867
31868
64636
64639
31872
31873
64653
31886
31887
64655
31889
64658
31892
64662
31895
31898
31901
31902
31903
64675
31909
64680
31917
64687
64691
64695
31930
31932
64700
64704
64705
64707
64708
31943
64712
64720
31955
64724
64725
64726
64732
64733
64734
64736
31969
64737
31974
64742
31976
64743
31978
64744
64746
64751
64753
64754
31989
31990
64757
31993
64761
64768
64774
32011
32012
64779
64783
32017
64785
64786
64792
64793
64795
64798
32037
64808
32042
32046
32051
32055
32056
32059
32064
64832
64833
32067
64835
32069
64837
32072
64840
64844
32077
32078
64847
32082
32083
32084
64854
32087
64856
32089
64861
32096
64865
32098
64866
32100
32104
64873
64876
32111
64880
32113
32117
64888
32123
32126
32127
64895
64897
64899
32132
32133
64900
64901
32137
32142
64912
64913
32146
32148
32149
64920
32155
64925
32158
64927
64928
32161
32162
32163
32171
64941
32175
64945
32179
32180
64949
32183
64951
32185
64954
64955
64958
32191
64965
64967
64969
32203
32204
32206
32213
64990
32225
32226
32228
64997
64999
65000
65003
32237
32240
32241
32244
65016
65018
65020
32253
65021
65024
32257
32264
65040
32274
65043
32280
65050
65052
32285
32286
32289
32293
65069
65071
65072
65073
65074
32308
32309
65076
65080
65083
32316
65085
65087
65091
65093
32326
32328
65097
65098
65100
32335
65103
32337
32338
32340
65109
32345
65120
32356
65127
65128
65130
65138
32375
32376
65144
65145
32381
65149
65153
32386
32388
32394
32395
65169
32405
32408
65176
65183
32419
32420
32423
32424
32427
65196
32430
65201
32434
32435
32437
65207
32441
65212
65218
32456
32462
32463
32464
65231
65234
65237
65241
32476
65246
32480
65251
65255
65256
65259
32492
65264
32498
65266
65271
32504
65277
32511
65281
65282
65283
65286
32522
65293
65294
65295
32531
65299
65302
32536
32540
32543
65319
65320
32555
65328
32568
65337
65343
65344
65345
32581
65350
65353
32587
65359
32592
65364
32597
32601
65371
32605
65373
65375
32608
65376
32610
32611
65382
32617
65392
65396
65400
32633
65403
65406
32639
65414
65419
65421
65422
32657
32658
65428
32663
32664
65431
32666
65434
65435
32670
65438
65439
65442
65444
65446
32679
65447
65448
65450
32687
32688
32691
32692
65461
65465
32701
65474
65477
65478
65479
32716
32717
32719
32721
65501
32734
32736
65504
32738
65505
65509
32746
65520
32753
65527
32761
65530
65532
65533
